   339
   757
   250
   980
   662
   843
   590
   245
   720
   904
    26
   580
   835
   196
   891
   629
   301
   896
   371
   755
   170
   907
   329
   338
   988
   613
   295
   536
   230
   200
   292
   922
   957
   543
   254
   971
   738
   844
   216
   458
   100
   594
   390
   287
   142
   281
   269
   795
   530
   640
   550
   700
   900
   231
   390
   888
   196
   686
   776
   779
   886
    69
   701
   195
   964
   955
   166
   702
   151
   734
   512
   603
   680
   254
   891
   822
   536
   160
   617
   418
   152
   519
   470
    52
   750
   860
   293
   298
   898
   421
    77
   136
   842
   130
   331
   806
    85
   849
   860
   588
   935
   724
   192
   615
   979
    83
   789
   515
   595
   758
   285
   747
   277
   755
   152
   379
   967
   445
   678
   866
   866
   107
     2
   709
   238
   686
   867
   675
   887
   728
   264
   823
   452
   456
   790
   431
   891
   580
   298
   486
   690
   935
   585
   968
   690
   737
   699
    10
   534
   729
   228
   401
   837
   582
   462
    75
   268
   329
   750
   508
   409
   366
   683
   862
   822
   473
   645
    65
   405
   296
   903
    96
   231
   841
   416
   274
   578
   467
   636
   113
   197
   864
   866
    34
   446
   328
   461
    67
   657
   211
   927
    67
   930
   610
   281
   752
   435
   278
   170
   193
   926
    73
   641
   510
   914
   409
   136
   845
   876
   772
   310
   425
   988
   176
   459
   786
   504
   272
   853
   513
   836
   780
   932
   766
   742
   565
   870
   178
   196
    40
   723
   122
   466
   364
   632
   732
   773
   120
   929
     1
   244
   239
   427
   232
   415
   238
    19
   271
   511
   224
   785
   699
   357
    69
   465
    99
   635
   335
   629
   831
   728
   352
   305
   546
    68
   290
   278
   193
   410
   208
   195
   655
   799
   974
   239
   215
   212
   258
   486
    75
   835
   623
   774
   192
   693
   239
   291
   680
   927
   273
   863
     7
   625
   168
   553
   694
   458
   183
   239
   221
   743
   434
   876
   543
   408
   467
   110
   973
   726
   948
    48
   561
   572
   823
   105
   617
   414
   396
   297
   693
    21
   512
   700
   647
   680
   253
   693
   139
   789
   932
   712
   532
   719
   588
   427
   479
    55
   537
   452
   133
   486
   501
    46
   410
   676
   151
    27
    90
   900
   676
   784
   273
   188
   836
   920
   220
   442
   965
   711
   231
   250
   423
   115
   969
    11
   543
   448
   419
    80
   253
   904
   566
   754
   303
   328
   430
   806
   355
   872
    58
   383
     8
   332
   923
   845
   604
   144
   287
   570
   855
   518
   172
   279
   633
   493
   642
   528
   293
   413
   609
   546
   670
   527
   300
   973
   856
    82
   131
   563
   955
   190
   299
   315
   522
   222
   160
   126
   718
   447
    48
   574
   317
   572
   205
   303
    65
   199
   831
   359
   965
   792
   905
   635
   672
   558
   960
   528
   992
    91
   443
   299
   281
   742
   615
   155
   317
   775
   634
    35
   575
   682
   961
   244
   255
   518
   899
   672
   718
    83
    31
   683
   875
   289
   318
   547
   199
   630
   427
   191
   721
   871
   843
   355
   965
   458
   510
   282
   585
   144
   670
   512
   179
   631
   109
   786
   150
     8
   458
   220
   443
   842
   903
   671
   483
   573
   218
   682
   555
   998
   225
   276
   221
    68
   631
   186
   878
   142
   821
   816
   638
   491
   680
   817
   474
   789
   603
   976
   150
    62
   196
   593
   256
   451
   264
   739
   376
   835
   421
   931
   185
   998
   208
   406
   419
   191
   944
   649
   685
   117
   465
   324
   960
   146
   141
   435
   287
   745
   763
   437
   159
   312
   383
   767
   763
   647
   506
   492
   834
   279
   423
    19
   277
   983
   777
    48
   527
    74
   698
   212
   191
   163
   536
   152
   661
   678
   939
   949
   775
   702
   738
   286
    14
   121
    53
   130
   121
   911
   622
   307
   190
   397
   679
   819
   733
   456
   868
   260
   530
   566
   824
    74
    81
   361
   226
    95
   391
   517
    44
   518
   219
   134
   156
   586
   256
   561
   716
   729
   472
   690
    36
    14
   439
   715
   833
   524
   172
    53
   784
    54
   619
   961
   128
    53
   322
   706
   148
    65
   223
   544
   935
   795
   678
    91
   381
   934
   652
   449
   663
   476
   491
    52
   490
   282
   767
   323
   807
   291
   377
   943
   346
   348
   904
   826
   401
   578
   885
   901
   643
   108
   445
   578
   903
   476
    21
   636
   762
    25
   437
   778
   501
   928
   830
   991
   211
   597
   315
   370
   889
    44
   313
   587
   392
   218
   765
   146
   796
   650
   399
   792
   111
   845
   722
   366
   673
   744
     3
   435
   769
   792
   213
   623
   721
    43
   614
   284
   993
   281
   654
   234
   325
   967
   173
    70
   537
   938
   216
   686
   941
   967
   478
   404
   812
   552
   770
   837
   648
   125
   273
   418
   918
   486
    41
   991
   882
     7
   275
   227
   289
   281
   461
   614
   600
   634
    36
   138
   924
   604
   824
   217
   572
   654
   621
   736
   206
   392
   574
   855
   517
   847
   625
   787
   685
    18
   778
   919
   377
    53
   146
   666
   686
   607
   633
   287
   593
   669
   777
   870
   274
   953
    87
   198
   959
   709
   934
   517
   453
   508
   724
   322
   707
   349
   110
   393
   719
   888
   312
    97
   294
   459
   115
   980
   418
   748
   619
    12
   770
   748
   882
   396
   701
   321
   594
    12
   382
   528
   530
   835
   389
   254
   158
    96
   956
   620
   489
    27
   508
   154
   476
   802
   965
   592
   135
   383
   692
   106
   747
   462
   855
   981
   210
   908
   655
   804
   273
    37
   685
   803
   873
    74
   409
   383
   170
   717
     3
    12
   745
   863
   166
   221
    18
   483
   165
   505
   218
   858
   611
   966
   672
   818
   299
   883
    79
   954
    39
   352
   992
   724
   155
   217
   798
   916
   952
   321
   634
   307
   685
   731
   170
   851
   952
   540
   686
   470
    45
   904
   328
     9
   222
     0
   827
   522
   235
   906
   476
   275
   258
   820
   999
   765
    37
   150
    34
   989
   823
    20
   296
   508
   751
   819
   711
    55
   359
   397
   525
   405
   301
   205
   766
   524
   206
   593
   398
   793
   852
   874
    68
   462
   695
   420
   580
    84
   922
   614
   426
   745
   634
    74
   605
   385
   893
   316
   440
   605
    65
   318
   362
   718
   523
   128
   594
    81
   721
   992
   875
   573
   219
   295
    36
   266
   715
   616
   350
   637
   582
   128
   734
   216
   203
   339
   953
    96
     7
   745
   701
   424
    63
   415
   143
   939
   543
   737
    20
   265
    82
   247
   190
   301
   543
   578
   567
   258
   546
   269
   248
   480
   398
   334
   696
   601
    26
     1
    49
   385
   747
   103
   810
   162
   518
   953
   101
    62
   690
   122
   679
   124
   369
   221
   425
   264
   152
   344
   523
    50
   966
   123
   531
   716
   457
   579
   669
   835
   581
   718
   221
   680
   173
    31
   842
   692
   984
   944
   106
    26
   418
   137
   151
   139
   710
   928
   404
   862
   273
   279
   265
   591
   754
   796
   307
   563
   375
   976
   399
   308
    46
   620
   988
   220
   651
   183
   264
   987
   479
   722
    13
   249
   859
   516
   388
   569
   445
   144
   784
    70
   775
    49
   661
   529
   197
   320
   445
   572
   296
   844
   233
   694
   464
   221
   914
   467
   756
   530
   806
   235
   252
   171
   484
   463
   688
   225
   385
   485
   721
   169
   555
   849
   570
   568
   378
   767
   888
   175
   691
   536
    19
   924
   230
   835
   498
   497
   654
   254
    27
   460
   842
   280
   632
   326
   743
   672
   903
   128
   157
   625
   649
    64
   474
   219
   984
   204
   338
   872
   380
    30
   760
   751
   954
   990
   587
   804
   487
   241
   411
   515
    54
   253
   147
   686
   579
   242
   710
   835
   723
   867
   460
   724
   283
   286
   944
   267
   490
   634
   139
   222
   664
   251
   974
   971
   241
   913
   775
    81
   506
   186
   948
   560
   791
    95
   598
   371
   689
   308
   206
   412
   527
    18
   137
   810
   304
   433
   429
   146
   419
   920
   721
    84
   171
    47
    55
   413
   960
   182
   846
   466
   721
   794
   379
   512
   241
   329
   235
   930
   990
   793
   695
   869
   811
   184
   680
   467
   969
   461
   966
   388
   382
   687
   472
   553
   734
   879
   318
    46
   414
   164
   864
   487
   958
   595
   999
   199
   925
   235
   482
   915
   380
   177
   136
   544
   361
   168
   363
   330
   630
   329
    70
    12
   368
   895
   565
   454
   774
   884
   500
   540
    48
   365
    27
   359
   960
    27
   910
   237
   614
   392
   504
   346
   569
   641
   890
   282
   809
   254
   964
   439
   935
    35
   451
   304
   930
   369
   758
    56
   605
   259
   597
     5
   976
   976
   364
   288
     3
   275
   526
   969
   667
   382
   668
   589
    23
   558
   871
   185
   164
   188
   624
   100
   223
   428
   404
   505
   149
   162
   561
   754
   773
   510
   759
   749
   487
   476
   390
   842
   103
   268
   164
   122
   650
   832
   711
    26
   390
   935
   211
   555
   123
   187
     7
   698
   967
   411
   203
   116
   925
   116
   222
   699
   627
   334
   800
   466
   810
   190
   308
   913
   458
   472
    35
   461
   304
    99
   487
    47
   386
   698
   954
   861
   885
   961
   911
   853
   372
   114
   321
   297
   582
   544
   348
   561
   878
   149
    27
    40
   691
   688
   305
   502
   512
   340
   963
   817
   791
   450
   216
   529
   148
   170
   390
   385
   483
   301
   590
   207
   767
   264
   504
   702
   160
   205
   263
   390
   354
   643
   430
    45
   683
   735
   899
   195
   427
   862
   364
   571
   312
   580
   100
   812
   102
   843
   550
   585
   144
   492
   792
   264
   756
   649
   318
   268
   854
   581
   658
   560
   576
    88
   957
   259
   175
   857
   455
   603
   719
   819
   174
   384
   752
   626
   548
   854
   469
   450
   792
   966
   943
   936
   582
    51
   937
   900
   320
   143
   481
   978
   703
   410
   419
   661
   669
   594
   870
   476
   197
   941
   296
   723
   325
   400
   350
   226
   606
   819
   676
   398
   137
   619
   687
   719
    23
   624
   619
   343
   768
   453
   673
   471
   863
    92
   484
   884
   687
   354
   361
   884
   648
     9
   608
   973
   409
   310
   199
    15
   129
   228
   766
   267
   199
   453
   338
   222
    77
   958
   917
   197
   411
   591
   669
   274
   683
   505
   158
   370
   212
   871
   255
   860
   880
   215
   185
   289
   525
   737
   657
     6
   965
   423
   625
   516
   876
   964
   739
   305
   922
   656
   503
   333
   247
   524
   959
   283
    29
   469
   653
   593
   341
   260
   805
   573
   475
   991
   863
   352
    80
   872
   711
    45
   295
   336
   561
   523
   300
   652
   180
   574
   309
   683
   259
   908
   559
   570
   191
   941
    40
   197
   534
   733
   457
   692
   306
   285
   683
   521
   989
   763
   393
   700
   160
    40
    37
    73
   915
   689
   726
   448
   616
   387
   483
   227
   647
    43
   798
   839
   984
   190
   388
   870
   923
   845
   562
   581
   482
   597
   103
   472
   360
   848
   172
   872
   241
   561
   946
   508
   603
    24
   956
   571
   411
   440
   798
    58
   483
   596
   249
   819
   138
   637
   689
   413
   835
   604
   995
   317
   201
   450
   141
   914
   298
   314
   138
   891
   227
    84
   400
   830
   460
   356
   401
   871
   796
   552
   282
   631
   500
   883
   450
   639
   873
   492
    52
   708
   448
    47
   377
     1
   849
   519
   267
   500
   185
   406
   391
   412
   842
   791
   595
   303
   500
   348
   526
   296
   900
   160
   280
   401
    44
   730
    40
   917
   574
   444
   977
    22
   844
   706
   376
   693
   225
   643
   193
   762
    49
   585
   527
   244
   728
   122
   547
   228
   822
   425
   877
   723
   586
   157
   476
   630
   239
   516
   899
   814
   312
   228
   188
   156
   934
   916
   850
   512
   560
   395
   274
   961
   332
   153
   205
    61
   275
   104
   641
    98
   882
   518
   173
   468
   675
   649
   450
   267
   517
   349
   433
   829
   929
   973
   986
   863
   890
   188
   375
   450
   935
     2
   411
   268
   155
   969
   329
   783
   425
   322
   233
   307
   841
   406
   775
   868
    55
   577
   135
   572
   278
   568
   753
   207
   542
    91
    71
   432
   279
   798
   234
   567
   152
   997
   835
   660
   966
   516
   443
   392
   838
    28
    51
   679
   434
   179
   548
   841
   756
    35
   765
    35
   604
   518
   242
   146
   610
   665
   930
   241
   816
   164
   808
   968
   161
   643
   628
   128
   511
   423
   872
   350
   451
   923
   381
   237
   102
   281
    78
   211
   317
   843
   246
   921
   714
   840
   419
   324
   506
   349
   917
   322
   513
    78
   290
    26
    73
   271
   506
   585
    46
   378
   287
   850
   654
   668
    87
   108
   302
   518
   319
   619
   713
   917
   892
   427
   758
   663
   103
   264
   364
   373
   938
   229
   451
   228
   255
   524
   851
   762
   109
   250
   492
   396
   100
   498
   417
   539
   959
   719
    57
   278
   690
   771
   548
   934
   550
   306
   597
     6
   922
   961
   379
   860
   190
   830
   440
   797
   354
   644
   559
   464
   894
   404
   212
   994
   902
   629
   885
   861
   700
   295
   492
   390
   418
    40
   324
   968
   698
   273
   974
   972
   586
   353
   184
   128
   535
   624
   926
   890
   620
   837
   706
   514
   241
   270
   860
   496
   900
   746
   357
   952
    41
   849
   695
   459
   241
   371
   779
   291
   645
   106
   615
   231
   459
   799
   360
   347
   776
   638
   237
   396
   475
   295
   911
    69
   565
   771
   565
   817
   869
   922
   770
   262
   124
   465
    73
   717
   188
   853
     9
   833
   959
   624
   417
   770
   776
   129
   117
   552
   767
   706
   948
   242
     1
   211
   311
   567
   983
   876
   384
   204
   151
   506
   467
   275
   323
   892
   992
   512
   745
   353
   345
    56
   330
   114
   827
   458
   243
   296
    10
    10
     3
   958
   605
     4
   170
   916
   923
   505
   145
   660
    61
   296
   166
   880
   923
   842
   773
   267
   354
   518
   973
    51
   575
   303
   166
   754
   113
   761
    50
   123
   772
   405
   433
   377
   762
   955
   645
   685
   812
   142
   697
   874
   438
   216
   106
   713
    58
   879
   981
   764
   750
   954
   167
   677
   609
   333
   431
   722
   447
   833
   197
   219
   591
   630
   948
   353
   586
   945
   390
   750
    88
    88
   624
   878
   656
   731
   592
   714
   962
   925
   830
   712
   879
   997
   741
   840
   683
   524
   914
   130
   358
   111
   349
   949
    93
   649
   654
    31
   594
    44
   782
   682
   484
   758
   561
   140
   489
   505
   206
   804
   430
    36
   868
   661
    34
   610
   853
   717
   134
   767
   847
   844
   230
   548
   145
   675
   197
   799
   707
   143
   196
   489
   178
   680
   247
    91
   173
    89
   596
   379
   893
   378
   416
   761
    39
   802
   723
   244
   519
   858
   363
   718
   702
   593
   266
   848
   268
   815
   999
   327
   310
   195
   816
   488
   228
   416
   579
   401
   505
   527
   132
   750
   905
   548
   863
   296
   702
   587
   540
   221
   797
   255
   291
   851
   848
   557
   699
   469
   724
    51
   796
    35
   246
   965
   523
   826
   381
   455
   579
   238
   982
   712
   988
   240
   612
   203
   888
   315
   142
   781
   888
   939
    36
   180
   791
   237
    89
   842
    58
   814
   893
   854
   849
   492
   171
   724
   318
   552
   531
   898
   790
   866
   962
   130
   106
   574
   334
   346
   889
   476
   127
   130
   768
   516
   310
   559
   753
   399
   401
   811
   565
   647
    17
   766
   491
   189
   491
   809
    93
   374
    59
   236
   240
   373
   366
   698
   948
    52
    45
   189
   881
   524
   319
   649
    40
   629
   560
   793
   381
   313
   956
   946
   960
   974
   713
   451
   515
   556
   613
   608
   930
    24
   844
   171
   398
   563
   221
   698
   615
   266
   887
   848
   791
   207
   497
   183
   188
   409
   977
   569
   723
   285
   516
   683
   259
   581
   487
   126
   137
   452
   735
    67
   476
   931
   590
   226
   494
   812
   924
   462
   430
   812
   310
   573
   371
   160
   757
   559
   569
    86
   129
   292
   371
   997
   328
   983
   578
   167
   109
   715
   619
   196
   134
   447
   128
   725
   674
   974
   889
   598
   788
   671
   762
    99
   245
   133
   611
   354
    45
   180
   792
   174
   825
   515
   523
   505
   498
   453
   672
   960
   168
   643
   508
   654
    90
   988
   731
   764
   963
   620
   715
   751
   644
   477
   202
   889
   963
   813
   595
     8
   346
   387
   534
   523
   902
   409
    28
   753
   862
    52
   713
    30
   695
   573
    36
   137
   562
   768
   902
   525
   740
   969
   628
   384
   798
   183
   625
   761
   348
   220
   121
   694
   959
   655
   217
   862
   416
   597
   615
   278
     1
   680
   308
    48
   605
   345
   186
   167
   465
   440
    44
   205
   761
    25
   590
   559
   208
   215
   673
   556
   788
   794
   603
   747
   802
   172
   961
   218
   770
   928
   497
   123
   960
   157
   172
   566
   854
   710
   733
   319
   502
   778
   877
   263
   803
   467
   174
   363
    34
   847
   919
   174
   642
   522
   922
   444
   695
   883
    14
   817
   812
   511
   292
   772
    21
   816
   338
   875
   878
   424
   547
   380
   554
   424
   995
   709
   891
   170
    72
   277
    17
   343
   452
   659
   218
   374
   455
   265
   609
   822
   434
   773
   333
   726
   546
   354
   543
   236
   582
   421
   660
   129
   154
   214
   553
   149
   923
   796
   671
   347
    73
   689
   691
   877
   700
   261
   603
   508
   526
   213
   330
   960
   986
    15
    38
   884
   722
   581
   121
   304
   355
   133
   785
   861
   700
   338
   362
   975
   134
    34
   323
   559
    75
   366
   437
   127
   627
    40
   987
   505
   605
   317
   465
   592
   685
   503
   828
   407
   437
   949
    63
   144
   435
   848
   357
   487
   186
   719
   462
   672
   105
   137
   583
   532
   855
    20
   660
   834
   413
   647
   339
    18
   317
   156
   610
   354
    12
   439
   761
   801
   740
   176
   945
   527
    24
   654
    14
   562
   725
   829
   586
   831
   966
   169
   715
   174
   542
   375
     8
   955
   375
   348
   973
    44
   856
   936
   398
   868
   375
   511
   669
   467
    39
   966
   995
   415
   620
   361
   977
   346
   190
   915
   529
   509
    84
   244
   683
   978
   972
    43
   933
   699
   391
   907
   743
   600
   843
   493
   468
   570
   356
   138
   389
   395
   456
   736
   810
    77
    98
   139
   775
   640
   406
   304
   149
   842
   548
   184
   821
   872
   228
   754
   571
   971
    13
   666
   571
   856
   511
   392
   778
   867
   882
   168
   614
   338
   904
   776
   767
   354
   915
   542
   995
   673
   198
   496
   516
    99
   681
   337
   971
   261
    91
   543
   584
   105
   561
   156
   313
    73
   900
    92
   292
   782
   612
   907
   472
   868
   683
   240
   223
   951
   134
   218
   624
   333
    66
   140
   432
    99
   829
   403
   360
   921
   298
   945
   378
   860
   453
    43
   285
   353
   487
   577
   487
    99
   836
   959
   968
   520
   199
   543
   823
   334
   113
   799
    19
   179
   292
   451
   279
   121
   854
   991
    42
   505
   936
   772
   717
   741
   816
     2
    94
   655
   579
   581
   755
   768
   541
    75
   288
    92
   970
   463
   778
    83
   262
   797
   262
   554
   248
   893
   676
   455
   885
    70
   312
   173
   195
    29
   915
   363
    31
     9
    18
   962
   943
   125
   730
   836
   552
   370
   928
   522
   185
    59
   957
   448
   856
   572
   354
   457
   465
   382
   264
   702
   453
   576
   876
     0
   605
   791
   363
   988
   152
   733
   302
   447
   859
   385
   283
   763
   107
   564
   286
   293
   623
   243
    93
   831
   167
   447
   640
   633
   830
   904
   687
   635
   480
   563
   635
   437
   706
   998
   777
   211
   731
   432
   658
   942
   169
   294
   706
   276
   210
   344
   569
   185
   939
    14
   368
   107
   462
     9
    92
   292
   913
   779
   279
   746
   695
   914
   535
   401
   264
   665
   964
   347
    97
   975
   290
   266
   621
   348
   894
   831
   692
   816
    16
   983
   830
   384
    90
   292
   745
   182
   936
   659
   314
   215
   757
     9
   481
   292
   762
   745
   957
    79
    93
   406
    54
   735
    24
   675
    83
   919
   506
   127
   735
   874
   110
   917
   610
   201
   562
   356
   735
   498
   367
   401
    66
   124
   410
   899
   768
   525
   645
    78
   604
    90
   836
   658
   177
   861
   685
   260
   132
   543
   387
   867
   417
   497
   136
   379
    50
   698
    87
   138
   197
   454
   539
   615
   930
   302
   866
    51
   827
   863
   481
   783
   953
   317
   793
   482
   178
   478
   742
   310
    21
   481
   529
   790
   331
   666
   521
   733
   364
   609
   871
   913
   415
   763
   880
   698
    65
   747
   101
   244
   610
   582
   379
   916
   899
   172
   398
   430
     2
   493
    92
   375
   974
   974
   517
   657
   640
    38
   391
   356
   999
   614
   622
   767
   377
   854
   817
   794
   601
   270
   390
   564
   852
   769
   832
   103
   293
   582
   885
   295
    75
   978
   670
   402
   304
   539
    59
   944
   930
   802
   652
   929
   417
   626
    48
   146
   481
   217
   941
   434
   487
   331
   998
   691
   101
   182
   795
   394
   765
    32
    42
   192
   362
    64
   594
   666
   604
     6
   962
   534
   160
   615
   815
   577
   241
   216
   724
    74
   433
   665
   509
   273
   348
   507
   964
   801
    42
   111
   548
   807
   144
   590
   351
   506
     6
   946
   525
   610
   304
   487
   496
   464
   102
   664
   394
   696
   880
   118
   770
   665
   135
   279
   938
   835
   139
   255
   637
   533
   366
   185
   340
   862
   127
   691
   721
   133
   989
   246
    96
   645
   733
   944
   110
   188
   608
   856
   884
   488
   326
     6
   154
   461
   638
   444
   648
   129
   699
   285
   662
   418
   822
     2
   632
   301
    45
   705
   787
   387
   951
   883
    32
    37
   179
   494
   225
   788
   702
   461
   276
    28
   819
   782
   489
   457
   579
   490
   586
   278
   775
   248
    48
   950
   602
    33
   251
     0
   738
   390
   739
    42
   625
   123
    79
   805
   970
   656
   593
   672
   469
   869
   701
   288
     4
   542
    98
   583
    32
    36
   213
   808
   637
   614
   110
   239
   647
   713
   591
   385
   104
   330
   427
   729
   806
   858
   534
   776
   514
   127
   448
   335
   349
   149
   976
   705
   692
    74
   288
   724
   110
   501
   884
   747
   115
   994
   339
   114
   708
   282
   500
   164
   965
   279
   893
   771
   138
   780
   547
     4
   259
   995
   340
   608
   497
   316
   665
   189
   742
   953
   265
   204
   807
   150
   304
   274
   496
   643
   389
   556
   277
   241
   720
   242
   872
   614
   365
    10
   394
   912
   367
     5
   260
   707
   966
   757
   375
   631
   946
   469
   585
   211
   673
   744
   713
   977
   370
   210
   972
   111
   766
   250
   352
   487
   844
   225
   453
   210
   587
   199
   474
   954
   204
   734
    13
   170
   491
   740
   802
   789
   209
   739
   353
   883
   835
   418
   860
   205
   628
   833
   317
   747
   435
    21
   586
   279
   246
    39
   841
   186
   238
   316
   492
   794
    50
   858
   965
   894
   598
   119
    35
   160
   858
   388
    43
   693
   807
   255
   898
   787
   440
   567
   534
   875
   589
   472
   155
   187
   511
   996
   373
   101
   312
   218
   896
   715
    76
   213
   961
   674
   332
   996
   834
   542
   737
   229
   587
   896
   485
   837
   683
   925
   405
   570
   153
   346
    42
   308
   533
   906
   656
   259
     7
   321
   477
   255
   388
   905
   820
   349
   579
   504
   697
   766
    46
   434
   347
   985
   330
   184
   823
    14
   462
   580
   936
   615
   926
   978
   275
   811
   884
   931
   422
   244
   604
   251
   851
   344
   156
   672
   693
    88
   528
   743
   206
   927
   177
   553
   912
   508
   738
    87
   874
   200
   667
   162
   815
   945
   140
    90
   109
   377
   373
   531
   973
   330
   783
   824
   674
   291
   848
   720
   379
   377
   463
   585
   304
   640
   491
   568
   500
   229
   656
   726
   429
   675
   888
   596
   621
   381
    38
    82
   110
   763
   613
    83
    93
   748
   259
   120
    40
   460
   840
   771
   837
   655
   709
   493
   647
   200
   413
   500
   781
   421
   226
   210
    97
   467
   158
    70
   848
   196
   152
   310
   959
   117
   393
   405
   866
     4
   525
   258
   464
   365
   381
   653
   372
    90
   498
    19
   642
   912
   519
   423
   333
    98
   985
   782
   565
   143
   852
   765
   691
   356
   427
   651
   474
   820
    56
   692
   176
   933
   950
   641
   650
   331
   646
    22
   774
   145
    41
   768
   409
   913
   192
   742
    11
   177
   525
   928
   673
   729
    45
   364
    86
   472
   367
   560
   644
   775
   604
   820
   708
   554
   813
   358
   237
   812
   732
   363
   957
   126
   132
   366
    39
   676
   460
   402
   853
   337
   682
   878
    67
   727
   595
   505
   551
   314
   417
   195
    90
    21
   367
   150
   927
   533
   861
   516
   345
   593
   880
   654
    71
   364
   372
   110
    40
   832
   864
   245
   522
   898
   476
   589
   977
    71
    94
   528
   385
   863
    75
   827
   884
   795
   978
   811
   328
   191
   327
    25
   784
   559
    31
   856
   275
   403
   318
   667
   587
   535
   913
   109
   433
   389
    50
   411
   812
   496
   291
   197
   359
   367
   377
   243
   514
   355
   406
   194
   546
    86
   219
   682
   645
   602
   890
   273
     5
   561
   940
   944
    96
   205
    54
   881
   594
   104
   644
   758
   601
   936
   308
   960
   655
   685
   556
   169
   392
   962
   363
   938
    48
   934
   972
    46
   536
   863
   319
   893
   424
   611
   837
   872
   817
   243
   105
   763
   348
   750
   522
   301
    38
   830
   613
   693
   515
   169
   214
   907
   484
   929
   197
   884
   215
   169
   930
   103
   384
   601
   996
   160
   213
   185
   384
    30
   429
   490
   793
   129
   240
   667
   782
   630
   497
   747
   675
   364
   269
   889
   271
   753
   170
   820
   637
   385
   342
   920
   488
   726
   521
   836
   887
    86
   373
   623
   468
   154
   113
   262
   635
   705
   929
   417
   335
   779
   517
    10
   143
   786
   251
   767
   539
   421
   587
   528
   158
   929
   800
   998
     8
   322
   834
   247
   760
   560
   870
   229
    66
   984
   843
   702
    41
   124
   471
   377
   903
   988
   739
    47
   774
   343
   166
   665
   764
   753
   546
   923
    35
   346
   921
    43
    20
   108
   290
   781
    20
   160
   362
    86
   144
   205
   788
   186
   329
   612
   915
   585
   600
     6
   984
   727
   349
   150
   744
   466
   903
   290
   389
   938
   989
   662
   981
   361
   122
   271
   494
   494
   784
   856
   581
   928
   413
   721
   466
    95
   333
   733
   680
   286
    92
   664
    13
   441
   814
   109
   907
    69
   752
   648
   360
   741
   663
   341
   102
   137
   965
   597
   632
   749
   805
   213
    29
   219
   286
   848
   314
   620
   933
   346
   258
    25
    10
   271
   819
   176
   732
   726
   245
   484
   727
   605
   225
   390
   299
   680
   527
   616
   629
   511
   717
   434
   724
    98
     5
   363
   298
   671
   335
   232
    17
   593
   609
   379
   216
   428
   907
   948
   507
   153
   433
   234
   110
    10
   976
   761
   690
   855
   729
   671
   367
   446
   458
   443
   897
   463
   806
   195
   487
   141
   427
   504
    86
   389
   236
   302
   817
   143
   251
   676
   648
    36
   262
   111
    46
   238
   224
    89
   446
   954
   760
   813
   752
   218
   608
   649
    34
   415
   197
   521
   908
   624
   377
   995
   365
   613
   649
   535
   109
   252
   211
   757
   288
   474
   220
   687
    64
   445
   128
   510
   399
   240
   675
   503
   811
   284
   505
   845
    51
   702
   718
   311
   678
    95
   306
    44
    61
   308
   579
   170
   560
   790
   279
   201
   616
   500
   240
    33
   297
   368
   543
    48
   608
   571
   551
   771
   207
    56
   616
   258
   758
   334
   569
   437
   782
   228
   833
   195
   536
   412
   365
   448
   554
   996
   649
   523
   848
   889
   556
   145
   609
   451
   193
   570
    22
    97
   341
   229
   153
   310
   839
   264
   996
   409
    53
   778
   989
   886
   973
   525
   298
   690
   973
   204
    39
   975
   727
   887
   216
   635
   385
   826
    87
   578
   748
   461
   675
    89
    43
   181
   399
   882
   445
   748
   643
   498
   526
   632
   384
   852
   509
    34
   542
   835
   238
   933
   810
   318
   821
    26
   953
   206
   204
   392
   136
   952
   854
   164
   394
   249
   697
   793
   483
   494
   541
   479
   992
   420
   463
   728
   272
   973
   114
   166
   808
   704
   100
   970
    22
   273
   348
   328
   831
   553
   720
   967
   505
   926
   483
   899
   175
   180
    45
    11
   674
   938
   490
    18
   710
   953
    98
   334
   926
   212
   501
    86
   917
   953
   408
   291
   578
   757
   971
   409
   310
   692
   728
   167
   970
   212
   419
   146
   744
   816
   157
   419
   106
   999
   789
   817
   952
   888
   151
   231
   452
     4
   317
   721
   309
    78
   365
   887
   835
   336
   296
   497
   380
    25
    16
   351
   589
   435
   849
   333
   603
   358
   104
   710
   357
   246
   527
   309
   134
    30
   540
   938
   387
   210
   660
   696
   288
   377
   936
   475
   713
   584
   972
    94
   609
   988
   445
   550
   776
   294
   884
   379
   652
   340
    89
   361
   586
   968
   670
    72
   351
   563
    11
   738
   773
    23
   786
   413
   400
    74
   888
   113
   659
   212
   559
   268
   552
   356
   171
   328
   650
    55
    60
   654
   747
   501
    15
   334
   470
    38
   406
   821
   601
   769
   911
   726
   792
    49
   491
   544
   124
   731
    10
   783
   943
   569
   403
   847
   926
   574
   528
   928
   981
   588
   935
   729
    89
   950
    63
   911
   340
   821
   732
   941
   591
   995
    19
   735
    45
   510
   632
   521
   593
   642
   304
   888
   563
   707
   736
   841
   634
   264
   770
   615
   204
    57
   344
   293
     7
   759
   205
   700
   581
   289
   641
   524
   637
    13
   611
    34
   875
   243
   555
   469
   237
   859
   357
   153
   918
   445
   994
   904
   709
   116
   520
   913
   173
   216
   559
   533
   976
   764
   233
   909
   405
   226
   785
    42
   239
   748
    76
   467
   344
   631
   936
   581
   842
   293
   734
   113
    91
    81
    17
   800
   197
   889
    66
   723
   106
   977
   256
   434
   741
   841
   695
   498
   419
   480
   541
   659
   228
   969
   126
   924
   953
   414
   506
   147
    59
   592
   260
   150
    25
   630
   303
   575
   871
   369
   298
   977
   698
   906
   763
   439
    99
   810
   289
   518
   290
   830
   529
   871
   152
   655
   795
   105
   421
   653
   252
   481
   598
   865
   631
   623
   847
   286
   198
   718
     7
   848
    48
   705
   754
   163
   496
   853
   974
   786
   372
   616
   968
   901
   839
   120
   909
   635
   577
   682
   640
   182
   163
   238
   399
   147
   214
   246
   433
   764
   964
   441
   613
   364
   146
   719
   528
   643
   573
   502
   429
   297
   470
   397
   550
   310
   870
   811
   297
   447
   494
   937
   981
     9
   528
   380
   156
    94
   626
   590
   858
   943
    31
   471
   659
   529
   191
   187
   172
   116
    41
   953
   765
   512
   351
   315
   822
   573
   479
   119
    20
   325
   408
     2
   334
   936
   734
   491
    30
   361
    81
   241
   656
   464
   712
   315
   993
   255
   503
   518
   371
   896
   471
   136
   760
   174
   804
   582
   747
   635
    53
   120
   960
   462
   474
   294
   750
   208
   785
   133
   569
   218
   374
   225
    34
   438
   893
   380
   694
   748
   250
   417
   644
   721
   554
   405
   248
   710
   339
   995
   345
   745
   115
   657
   559
   941
   951
   309
   150
    89
   794
    71
   659
   520
   649
   694
   959
   542
   426
     5
   290
   676
   422
   934
   749
   328
   691
   997
   390
    31
   345
    87
   128
   460
   744
   687
   402
   696
   348
   904
   137
   143
   975
   796
    15
   624
   842
   326
   166
   620
   331
   808
   648
   106
   743
   398
   786
   786
   747
   177
   169
    92
   264
   297
   905
   361
   984
   659
   409
   333
   563
   546
   828
   538
   694
   843
   515
   537
   170
    33
   157
   853
   842
   158
   311
   937
   556
    98
   723
   303
   627
   893
   748
   243
   190
   653
   604
   527
   312
    13
   860
   227
   911
    40
   117
   606
   883
   632
   495
   405
   666
     4
   611
   860
   162
   922
   797
   718
    20
   520
   374
   999
   765
   474
   243
   308
   127
   847
   835
   791
   213
    47
    18
   124
    87
   135
    82
   322
   768
   577
   728
   786
   582
   339
   998
   744
   613
   795
   815
   986
   667
   541
   985
   433
    15
   228
    93
   494
   428
   928
   285
   641
   327
   303
   117
   766
   790
   200
    88
   910
   777
   168
    48
   359
   859
    46
   456
   473
   841
   623
   459
   509
   164
   444
   294
   531
    25
   739
    25
   453
    19
   310
   446
   346
   965
   563
   112
   107
   115
   552
    18
   893
   721
    66
   604
   580
   113
   412
    53
   954
    35
   864
   815
   199
   661
   461
   730
   686
   200
   107
   491
   571
   769
   937
   917
   734
   852
   381
   194
   968
   934
   212
   213
     7
   278
   817
   587
   743
   582
   993
   698
   617
   857
   865
   169
   870
   679
   899
   556
   231
   359
   399
   803
   128
   336
    72
   215
   541
   454
   409
   861
   740
   621
    74
   747
   251
   243
   334
   995
   825
   679
    45
   443
   537
   262
   612
   407
   941
   863
   316
   173
   222
   715
   328
   703
   404
   400
   918
   297
   206
   327
   158
   946
   300
   232
    45
   903
   475
   380
   898
   301
    59
   943
    96
   948
   206
   708
   708
   499
   923
   376
    24
   498
   443
   352
   201
   847
   105
   119
   496
   311
   798
   654
   610
    98
   886
   655
   353
   714
   387
   252
    15
   799
   547
   463
   747
   105
   171
   807
   605
   446
   535
   981
   944
   979
   334
   145
   178
   791
   264
   675
   454
   414
   329
    64
   864
   216
   720
   218
   930
   107
   470
   297
   258
   369
   760
   358
   475
   283
   165
   432
    81
    53
   413
    26
    32
    99
   171
   210
   890
   788
   237
   345
   202
   567
   761
   419
   135
   833
   637
   417
   293
   459
    66
   551
   828
   178
   909
   655
   813
   427
    87
   894
   480
   501
   920
   512
   600
   444
    74
   843
   232
   312
   540
   786
   231
   301
   557
   366
   487
   194
   135
   780
     5
   201
   331
   834
   379
   241
   489
   192
    20
   929
    86
   500
   430
   359
   364
   382
   803
   438
   577
   387
   750
   117
   525
   333
   771
    83
   699
   258
   629
   834
   390
   635
    35
   721
   821
   766
   314
   662
   958
   334
   591
   397
   186
   373
   756
   550
   756
   911
   989
   333
   298
    91
   803
   823
   425
   926
   258
   476
   536
   240
   663
   926
   227
    50
   999
    48
   817
   666
    62
   127
   352
   654
   876
   539
   379
   632
    89
   135
   543
   430
   821
   193
   874
   976
   369
   651
   254
   627
   127
   790
   219
   142
    68
   446
   193
    67
   494
    10
    85
   909
   489
   438
   563
   366
   977
   942
   350
   418
   430
   246
   201
   603
   439
    75
   931
   808
    78
   185
   788
   557
   975
     7
   700
   395
   454
   893
   814
   300
   255
   900
   209
   744
   338
   124
   462
   667
   419
   813
   437
   201
    59
   990
   804
   850
   417
    87
    11
   495
   272
   799
    53
   599
   158
   753
   994
   964
   998
   808
   617
   253
    60
   178
   349
   398
   655
   812
   417
   426
   977
   207
   627
   388
   549
   783
   238
   967
   870
   249
   814
   142
   400
   867
   741
   911
   972
    87
   875
   970
   895
   844
   575
   956
    23
   277
   706
    30
    89
   476
   456
    66
    35
    83
   454
   584
   218
    44
   551
   440
   294
   366
   582
    46
   585
   675
   957
   910
   762
   185
   232
     9
    29
   808
   965
   404
    85
    24
   786
   526
   500
   242
   944
   887
   677
   750
   471
   895
   794
   375
   687
   440
    93
   621
   487
    30
   296
   444
   940
   410
   629
   173
   420
    11
   333
   737
   767
   770
   113
   554
   648
   965
   796
   592
   852
   826
   694
   676
    73
   488
    51
   761
   929
   496
   382
   768
   526
    31
   212
   819
   441
   194
   344
   213
   205
   677
   951
   324
   799
   416
   878
   447
   382
    27
   391
   234
   853
    85
   910
   926
   925
   313
    39
   206
   809
   422
   974
   688
   453
   187
   507
   246
   733
   851
   460
   290
   880
   763
   614
    31
   179
   493
   478
   561
   872
   221
   148
   725
   658
    58
     3
   583
   372
    43
   790
   533
   817
   116
   221
   622
   303
   728
   868
    36
   931
   328
   326
   811
   443
   293
   842
   975
   786
   672
   536
    10
   245
   684
    87
   903
    95
    90
   839
   467
   485
   981
     0
   654
    97
   574
   276
   753
   654
   145
   789
   586
   825
   468
   397
   621
   761
   592
   596
   899
   264
   484
   909
   862
   169
   996
   765
   616
   438
   956
   435
   276
   937
   787
   930
   387
   361
   559
   140
    16
   704
   281
   602
   881
   749
   351
   502
   862
   943
    98
   761
   560
   583
    22
   422
   104
   370
   539
   720
   161
   496
   155
   789
   785
   942
   719
   172
   656
   278
   312
   672
   334
   594
   274
   216
   695
   977
    70
   558
   921
   169
   671
   833
   104
    46
   607
   208
   768
   146
   280
   929
   994
   787
    70
   132
    81
   790
   304
   737
   420
   969
   761
   107
   915
   387
   323
   962
   365
   393
   520
   638
   914
   544
   471
    18
   942
   430
   578
   710
   576
   210
   992
   923
   349
    62
    55
   431
   204
   711
   520
   977
    32
   282
    84
   299
   669
   759
   262
   386
   504
   782
    24
   771
   678
   847
   141
   620
   277
    72
   683
   206
   282
    27
   129
   984
    89
   536
   767
   646
   599
   287
   623
   632
   921
    59
   931
   943
   170
   193
   329
    26
   328
   706
   797
   358
   553
   939
   331
   183
    11
    14
   389
   645
    41
   870
   981
   482
   758
   748
   128
   357
   388
   103
   341
   309
   514
   625
   604
   684
   170
   934
    63
   850
   992
   860
   209
   897
   151
   540
    80
   514
   906
   821
   160
   299
   691
   493
   781
   449
   242
   262
   159
   630
   717
   500
   291
   584
   477
   896
   620
   648
   182
   683
   850
   174
   544
    59
    71
   695
   951
   504
   562
   209
   325
    74
   508
   369
   567
   642
   818
   809
   904
   329
   439
   973
   830
   731
   557
   659
   979
   178
   307
   161
   861
   158
   687
   757
   569
   758
   805
   873
   614
   367
    82
   940
   441
   943
   309
     8
   585
   479
   170
   489
   809
   609
   814
   991
   692
   372
   650
   671
   902
   310
   184
   115
   820
   871
   225
   389
   982
    30
   614
   596
   749
   697
   888
   542
   640
   549
   550
   577
    29
    72
    66
   190
   682
   232
   181
   726
   956
   831
   750
   858
   493
   934
   974
   313
   806
   199
    55
   788
   581
   669
   736
   330
   718
   625
   224
   710
   174
   774
   287
   555
   847
   353
   745
   881
   938
   926
   959
   894
   110
   709
   753
   603
   644
    79
   269
   802
   630
   324
   942
   563
   993
   678
   245
   712
   303
   469
   422
   830
   595
   710
   385
   794
   415
   131
    27
   353
   409
   987
   600
   519
    48
   353
   475
    44
   784
   744
   846
   766
    68
   788
   329
   413
   819
   574
   125
   474
   395
   900
   304
   990
   610
   690
   785
   377
   173
   164
    83
   582
   151
   683
   454
   200
   388
   929
   244
   172
    25
   443
   938
   445
   583
   619
   858
   402
   545
   984
   877
   940
   236
   181
   282
   846
   223
   419
   575
   396
   584
   658
   979
   735
   341
   433
   287
   729
   714
   884
   253
   739
   327
   543
   184
   262
   162
    42
   665
   707
   378
   894
   999
   614
   427
   282
   812
   651
   701
   388
    47
   637
   398
   378
   373
   740
   163
    12
   821
   877
   896
    75
   968
   575
   618
   152
   838
   133
   547
   855
   192
   277
   749
   192
   892
   176
   826
    56
   827
   879
   796
   227
   517
   195
   957
   242
   287
   121
   606
   108
   998
   855
   535
   967
   430
   506
   471
   620
   639
   370
   475
   183
   648
   224
   727
   892
   753
   905
   948
   932
   785
   745
   511
   654
   940
   469
   248
   579
   590
   854
   687
   940
   709
   575
   259
   492
   433
   731
   112
   424
   101
   588
   607
   101
   164
   335
   993
   269
   240
   294
   202
   377
    39
   713
   383
   331
   182
   983
   262
   124
   838
   301
    65
   899
   876
   324
   743
   309
   407
   856
   733
   861
   796
   693
   314
   312
   380
   308
   582
   972
   954
   136
   350
   345
   849
    85
    28
   384
    69
   290
   860
   259
   591
   277
   158
   820
   602
   902
   129
   361
   110
   215
   574
   258
   908
   889
   570
   288
   549
   152
   260
   503
   288
   962
   848
   490
    48
   876
   226
   469
   166
    86
   728
   109
   364
   238
   929
   318
   492
   411
    31
   954
   626
   606
   212
   886
   495
   783
   174
   396
   287
   786
   899
   928
   101
    99
   770
   501
   975
   996
   970
   493
    82
    50
   602
   798
   640
   884
   116
   133
   295
   148
    87
   921
   106
   652
   807
   953
   787
   333
   349
    74
   471
   248
   354
   572
   347
   124
   425
   674
   120
   395
   519
   555
   797
   473
   353
   438
   357
   822
   923
   652
   322
   362
   925
   428
    14
    84
   733
   801
   769
    82
   228
   241
   682
   582
   165
    29
   707
   591
    55
   179
   338
   574
   734
   136
    47
   440
   926
   757
   262
   849
   409
   936
   211
   687
   364
   226
   771
    97
   379
   541
   531
   607
   134
   213
   190
   299
   594
   897
   242
   649
    76
   933
   575
   163
    69
   974
   603
   995
   731
   217
   196
   141
   153
   407
   828
   517
   985
   951
   966
   365
   492
   497
   972
   978
    62
   162
   630
   656
   411
   872
   657
   840
   805
   232
     3
   226
   206
   958
   573
   938
   175
   769
   431
   328
   529
   611
   197
   514
   562
   515
   231
   407
   364
   204
   385
   426
   718
   367
    82
   482
   240
   739
   674
   397
   323
   677
   976
   529
   987
   901
   467
   162
    23
   250
   490
   552
   861
   687
   418
   776
   202
   650
   183
   566
   206
   920
   344
   276
   288
   778
   110
   880
   517
   784
   629
   192
   813
   605
   721
   800
   859
   541
   962
   882
   791
   452
   786
   653
   491
   556
   429
    45
   206
   964
   963
   764
   884
   307
   393
   524
   437
   503
   404
   306
   288
   386
   498
   101
   991
   220
   902
   202
   761
   864
    84
   904
   669
   222
   909
   512
   779
   690
   910
   337
     6
   873
   102
   891
   533
   495
   767
   970
   998
   524
   277
   638
   910
   775
   740
   253
   347
   994
   456
   460
   858
   540
   365
   879
   115
   626
   744
   894
   317
   654
   231
   323
   527
   333
   566
   412
   180
   686
   735
   531
   210
   364
   169
   120
   139
   261
   373
   839
   255
   181
   299
   466
   722
    16
   697
   189
   995
   441
    83
   664
    95
   314
   339
   975
     0
   258
   387
   532
   944
   474
   415
   506
   838
   937
   626
   330
   198
   351
   169
   806
   533
   820
   624
   607
   837
   321
   796
   832
   763
   231
   496
   210
   545
   187
   185
   897
   445
   925
   430
   389
   399
   845
   895
   238
   134
   873
   568
   333
   225
   737
   491
   110
   557
   115
    69
   746
   788
   865
   930
   903
    96
   778
   114
   993
   966
   299
   891
   411
   576
   673
   153
   976
   870
    48
   566
     5
   922
   134
   690
   499
   223
   533
   961
   132
   648
    30
   231
   788
   895
   161
   692
   343
   292
   806
   688
   258
   457
   579
    21
    34
   604
   174
    10
   827
   223
   576
   184
   497
    62
   874
   348
   637
   407
   309
   769
   407
   339
     0
   195
   586
   514
   887
   281
   806
   693
   969
   416
   503
   901
   437
   537
   505
   612
   899
   684
   187
   475
   868
    36
   889
    94
   384
   526
   501
   693
   647
   260
   384
     0
   808
   322
   514
   695
   603
   672
   741
   572
   440
   244
   825
   877
   781
   683
   841
   680
   367
   380
   507
   236
   416
   748
   330
   800
   274
   184
   845
   273
   796
   581
   273
   604
   903
   139
   300
   858
   811
   393
   783
   251
   989
   608
   481
   122
   291
   674
   154
    11
    55
   661
   599
   471
   761
   281
   624
   387
   465
   821
   660
   262
   403
   934
   218
   658
    73
   518
   517
   237
   263
   652
   840
   252
   260
   321
   374
   904
   996
   528
   267
   403
   541
   866
   874
   302
   147
   850
   689
   965
   672
   350
   579
   427
   284
   797
    85
   709
   668
   954
   946
   931
   606
   787
   184
   219
   460
   558
   475
   808
   439
   742
   211
   980
   960
   438
   283
   459
   288
   972
   776
   960
   674
   355
   387
   310
   505
   825
    20
   525
   779
   318
   456
   738
   457
   992
   957
   918
   903
   784
   726
   342
   878
   290
   322
   190
   728
   957
   649
    16
   282
   426
   329
   956
   133
    68
   267
   990
   893
   639
   515
    25
   957
   324
   763
   767
   316
    72
   685
   571
   208
   763
   913
    86
    53
   588
   276
   781
   545
   277
   150
   827
   703
   831
   136
   189
   899
   403
   531
   145
   394
    47
   170
   703
   723
   285
   470
    39
   709
   155
   611
   917
   271
   876
   355
   324
   464
   631
   458
   362
   908
   608
   189
   964
   439
   677
   505
   690
   432
    36
   835
   826
   435
   357
   530
   158
   994
   352
   550
   703
   860
   161
   972
   131
   389
   327
   807
   854
   310
   265
   216
   571
   225
   757
   887
    16
   435
   392
   707
   219
   780
   894
    46
   568
   604
   928
   726
   598
   280
   628
   654
   140
   141
   978
   271
   531
   658
    79
   737
   968
   696
   305
   891
   922
    62
   778
   290
   849
   522
   349
    69
   655
   596
   467
   223
   200
   395
   301
   150
    27
   930
   156
   168
   423
   135
   791
   954
   793
   222
   691
   113
   271
   996
   357
   545
   411
   487
   835
   612
    10
   537
    33
    17
   133
   852
   592
   685
   247
   893
   835
   627
   175
   992
   147
   599
   479
   290
   905
   624
   513
   597
    89
   136
   945
   446
   681
   356
   934
   868
   321
   296
   405
   706
   313
   538
   559
   905
   223
   806
   150
   411
   785
   326
   755
   932
   277
   234
   223
   182
   858
    88
   131
   947
   224
    77
   746
   257
   785
   680
   125
   106
   976
   531
   813
   641
   421
   372
   898
   997
   530
    48
   408
   668
   726
   163
   600
     3
   397
   175
   186
   607
   263
   317
   906
   839
   746
   652
    96
   532
   332
   222
   990
   660
   105
   803
   653
   526
   527
   551
   523
   410
   600
   283
    78
   326
   798
   678
   682
   547
   854
   220
   154
   469
   889
   413
   309
   636
    65
   405
   168
   750
   979
   158
   762
    84
   314
   416
   611
   193
   967
   486
   603
   919
   122
   681
   598
   920
   712
   280
   468
   918
   500
   974
   739
   389
   387
    48
    25
   805
   806
   545
   555
   785
    56
   317
   870
   722
    85
   833
   915
   405
   671
   871
   676
   793
   904
   274
    66
   968
   554
   886
   886
   406
   860
   626
   796
   600
    26
   173
   405
   832
    71
   312
   618
   479
   981
   840
   201
    67
    25
   468
   824
   696
   339
   500
   842
   244
   127
   260
   212
   681
   146
   451
   440
   358
   429
   588
   310
   807
   113
   715
   640
   184
   379
   610
    15
   361
   802
   216
   780
   827
   685
   604
   875
   376
   456
   717
   972
   583
   977
   185
   617
   475
   988
    57
   834
   769
   645
   144
   576
   758
   212
   216
   295
   591
   178
   310
   952
   980
   879
    84
   159
   916
    40
    35
   292
   497
   104
   265
    80
   434
   802
    49
   909
   142
   106
    95
   911
   103
   592
   839
   214
   804
   408
   861
   747
   586
   523
    52
   919
   402
   136
   430
   318
   177
   465
   963
    26
   570
   580
   458
     4
   734
   508
   265
   876
   966
   361
   139
   422
   953
   978
   636
   109
   386
   497
   208
   325
   372
   260
   596
   775
   749
    26
   445
   278
   492
   408
   304
   414
   340
   762
   770
    74
   622
    35
   302
   589
   748
   441
    11
    53
   772
   999
   514
   510
   848
   723
   835
   220
   335
   431
   995
   436
   458
   793
   714
   302
   201
    18
    68
   894
   133
   838
   968
   755
   225
   271
   696
   974
    64
   707
   379
   188
    58
   894
   699
   906
   969
   886
   127
   304
   318
   474
   741
   128
   267
   807
   782
   821
   178
   850
   715
   311
   688
    35
   418
   265
   306
   115
   591
   723
   174
   971
   263
   233
   217
   962
   139
   186
   201
   618
   842
   519
   445
   935
   999
   712
   743
   781
   885
   921
   983
   952
   232
    23
   988
     2
   288
   646
   117
   880
   369
   292
   851
   985
   525
    68
   947
    16
   606
   148
   987
   448
    19
   432
   384
   370
   496
   127
   503
   734
   400
   486
   686
   984
   861
   674
   986
   150
   321
   104
   382
    42
   748
   233
    27
   625
   653
   327
   641
   611
   827
   628
    59
   199
   412
   795
   921
   909
   274
   425
   643
   674
   263
   681
   658
   125
   356
   645
   627
    29
   749
     9
    71
   497
   594
   451
   122
   247
   778
   115
   210
   957
    96
   269
   156
   860
   417
    78
   769
   691
   855
   764
   366
   118
   446
    24
   595
   154
   669
   222
   183
   770
   231
   606
   619
   177
    57
    93
   424
   187
   561
   986
   497
   657
   256
   653
   517
    25
    83
   639
   716
   290
   755
    82
   761
   553
   459
   356
   707
   128
   931
   242
   251
   514
   849
   870
   692
   258
   316
   468
   446
   877
   455
   943
   886
    63
   948
   403
    88
   384
   394
   156
   674
   150
   239
   787
    55
   698
   496
   115
   178
   427
   357
   429
   293
   558
   652
   337
   817
   968
   806
   615
   845
   613
   910
   731
    28
   210
   486
   116
   594
   881
   272
   621
   383
   863
   408
   438
   561
   256
   905
    92
    35
   263
   521
   329
   821
   525
   666
   990
   493
   824
   605
   690
   437
   515
   773
   465
   726
   612
   933
   672
   845
   558
   645
   580
   421
   406
    18
   335
   662
   276
   779
   698
   539
   300
    27
   712
   178
    45
   703
    23
   870
   660
   714
   659
   176
   839
   477
   254
   803
   410
   926
   648
   320
   924
   228
   742
   330
   599
   429
   992
   875
   208
   690
   766
   860
    69
   478
    38
   115
   533
    62
   337
   194
   128
   996
   722
   319
   473
   976
   123
   236
   254
   123
   556
   178
   352
   650
   860
   303
   431
   853
   178
   639
   543
   296
   852
   965
   774
   242
    80
   308
   656
   769
   854
   136
   765
   576
   456
   591
   904
   931
   179
   510
    54
   735
    41
   758
   738
   901
    61
   169
   754
   591
   161
   650
   887
    13
   967
    14
   255
    47
   322
   912
   816
   528
    48
   933
   104
   856
   876
   360
   139
    55
   870
   194
   143
   263
   304
   881
   165
   366
   402
   271
   309
   563
   273
   197
   928
   240
   211
   536
   639
   885
   800
   807
   413
   200
   741
   869
    57
   617
   581
   196
   673
   451
   742
   168
    67
    47
    49
   232
   765
   451
   855
    74
   367
   481
   271
   295
   721
   834
   831
   361
   719
   983
   520
   484
   184
   261
   705
   593
   231
   286
   789
   256
    90
   884
   424
   157
   931
   473
   741
    48
   276
   948
   122
   643
   429
   746
   291
   151
   580
   474
   864
   652
   458
   384
   136
   642
   998
   194
   235
   229
   480
   376
   837
   922
   260
   261
   431
   543
    86
   172
   591
   714
   121
    66
   358
   902
   812
     1
   405
   392
   475
   269
    44
   933
     6
   533
   927
     4
    79
   162
   585
   559
   891
   422
   834
   503
    35
   265
   399
   121
   790
   990
   835
   263
    56
   545
   165
   220
   546
   571
   613
   374
   192
     9
   659
   198
   894
   587
   554
   973
   101
   491
   885
   344
   913
   719
   848
   300
   336
   247
   421
   126
   589
   609
   389
   998
   154
   555
   218
    53
   478
   183
   779
   670
   193
   438
   221
    87
   377
   775
    61
   831
   267
   946
   175
   532
    17
   375
   833
   353
   622
   606
   480
   564
   215
   869
   562
   722
   776
   132
   127
   606
   316
   906
   277
   509
   696
   498
   948
   426
   625
     9
   609
   892
   307
   136
   777
   324
   512
   610
    30
   486
   568
   510
   402
   784
   731
   964
   858
   860
    97
   985
   466
   413
   243
   743
   274
   291
   593
   222
   717
   219
   584
   678
   463
   891
   815
   592
   568
   679
   202
   598
   517
   771
   108
   920
   907
   191
   884
   765
    51
   333
   102
   518
    98
   345
   613
   372
   988
   559
   947
   706
   130
   531
   736
   593
   774
   551
   186
   342
   582
   740
   940
   100
   863
   400
    20
   122
   592
   256
   887
   995
   942
   341
   865
    40
   686
   479
   765
   675
    38
    64
   733
   168
   595
   469
   113
   369
   373
   651
    64
   307
   744
     4
   407
   607
   757
   779
   730
   701
   388
   969
   696
   330
   311
   562
   722
   349
    41
   839
   376
   431
   903
   109
   951
   850
   931
   416
   572
   656
    68
   636
   963
   812
   992
   723
   771
   749
   854
   853
   450
   242
   823
   499
   572
   486
    61
   295
   835
   454
   134
   212
   237
   390
   673
   188
   240
   956
   956
   164
   612
   376
   800
   928
   540
   145
     3
   312
   894
   857
   165
   697
   100
   340
   548
    24
   826
   609
   319
    14
    63
   806
   578
   652
   548
   251
   192
   140
   208
   148
   305
   172
   525
   105
   452
    65
   250
   455
   729
   497
   665
   247
   546
   117
   587
    94
   141
   766
    55
   813
   132
   470
   619
   710
   122
   519
   961
   314
   659
   521
   462
   964
    46
   339
   422
   850
   757
   672
   306
   486
   521
   323
   733
   419
   440
   673
   865
   581
   791
   920
   394
   923
   390
   365
   633
   512
   884
   594
   826
   896
   468
   641
   860
   514
   332
   282
   364
    89
   307
    22
   576
   180
   697
   661
   600
   137
   686
   465
    71
   477
   738
   817
   400
   128
   183
    33
   993
   419
   980
   819
   667
   800
   812
   528
   666
   145
   162
   382
   586
   469
   757
   514
     2
   454
   176
   602
   944
   862
   419
    15
   692
   157
   832
    92
   286
   367
   478
   279
   139
   458
   450
   806
   258
   615
   686
   924
   112
   849
   306
   698
   670
    63
   213
   672
   870
   741
   626
   814
   955
    46
   181
   647
   555
   365
   740
   193
   733
   218
   824
   224
    28
   627
   382
   638
   242
    69
   562
   706
   270
   220
   404
   940
   636
   969
   965
   506
   710
   943
   672
   666
   341
   853
   665
   897
   218
   405
   442
   303
   975
   267
   879
   355
   894
   262
   993
   136
   331
   907
   842
   953
   480
   598
   893
   116
   568
   210
   974
   278
   506
   646
   296
   847
   499
   962
    96
   717
   719
   539
   373
    47
   806
   252
   754
   700
   514
   748
   188
   197
     7
   382
   150
   487
   332
   396
   603
   900
   958
   577
   531
   464
   223
   179
   312
    74
   493
   760
   792
   213
   299
   517
   612
   457
   769
   366
   509
   636
   466
    49
   833
   474
   783
   336
   961
   116
   732
   917
   368
   690
   494
   899
   155
    70
   431
   819
   144
   924
   931
   288
   489
   231
   805
   101
    40
   927
   820
   550
   563
   286
   951
   748
   760
   735
    84
    74
   851
   816
   991
   219
   859
   485
   471
    14
   907
   254
   185
    52
   178
   116
   340
    20
   699
   498
   473
    92
   425
   293
   994
   988
   932
   945
   736
    44
   680
   821
   118
   883
   989
   109
   103
   848
   947
   926
   214
   206
   180
   751
   258
   710
   220
   951
   730
   271
   801
   204
   363
   226
   849
   357
   566
   781
   303
   654
   826
   335
   827
   296
   219
   817
   758
   674
    17
   705
   600
   232
   263
   132
   335
   522
   194
   555
   825
   925
   827
   626
   481
   190
   204
   682
   900
   770
   464
   203
   424
   642
   890
   252
   938
   109
   421
    48
   783
   438
   105
   735
    22
   369
   219
   358
   891
   414
   913
    68
   691
   740
   694
   524
   283
   898
   206
   183
    20
    22
   738
   444
   664
   628
    48
   955
   738
   821
   355
   873
   260
   461
   961
   634
   830
   532
   992
    73
   298
   258
   141
   989
   350
   187
   865
   633
   437
    72
   168
   457
   446
   906
   253
   463
   887
   654
   770
   977
   475
   125
   202
    87
   586
   163
   722
   768
   696
    66
   841
   994
   324
   334
   336
   675
   521
   553
   660
   310
   625
   829
   119
   424
    87
   373
   887
   974
   379
   657
   303
   854
   134
   506
   942
   721
   669
    16
   489
   717
    82
   683
    64
   407
    17
   752
   434
   891
   305
    94
   201
   283
   275
   321
   707
   715
    46
   594
   689
   425
   603
   993
   631
   737
   499
   573
   810
   520
   941
   652
   590
    24
   335
   654
   783
   352
   406
   217
   243
   711
   663
   797
   994
   291
   470
   701
     6
   516
   647
    47
   293
   602
   392
   924
   340
   243
   850
   502
   116
   791
   154
   706
   815
   489
   360
   950
   194
   118
   167
   789
   829
   183
   586
   176
   474
    56
   229
   832
   924
   229
   879
   217
   831
   624
   142
   523
   867
   344
    26
   983
   135
   180
   689
   303
   670
   401
   253
   216
   519
   421
     5
   701
   956
   592
   229
   782
     0
   458
   614
   925
   687
   845
   494
   871
   469
   988
   394
   689
   332
   420
   672
   468
   601
   714
   771
   623
   467
    24
   839
   339
   797
   844
    40
   105
   788
   621
   887
   789
    79
   853
    66
   119
    51
   560
   990
   520
   549
   384
   561
   233
   157
   586
   701
   758
   300
   824
   733
   119
   849
   924
   458
   998
   120
   498
   104
   909
   471
   991
    50
   551
   197
   468
    22
   248
   380
   364
   120
   281
   748
   682
   515
   905
   620
   216
    15
   272
    41
   100
   391
   242
    24
   850
   240
   145
   700
   696
   406
   172
   688
   808
    75
   237
   276
    97
   485
   656
   461
   957
   938
   561
   639
   453
   819
   259
    21
   186
   531
   414
   287
   923
   656
   663
   125
   249
   160
   825
   945
   566
   997
   985
   726
   424
   222
   354
   521
    59
   363
   334
    17
   301
   896
     8
   106
    67
   268
   479
   605
   151
   894
   892
   426
   902
   908
   551
   151
    68
   729
   449
   987
    78
   434
   713
   503
     9
   420
   376
   420
   783
   711
   437
   436
   959
   446
   894
    26
    66
   373
   631
   569
   619
   876
   996
   522
   784
   899
    25
   204
   980
   826
   191
    59
   613
   257
   914
   622
    29
   290
    42
   812
     1
   832
   248
   960
   278
   142
   338
   696
   515
   322
   265
   487
   550
   613
   361
   686
   513
   386
   890
   845
   565
   434
   904
   178
    43
   818
   800
    72
   109
   194
   884
   462
    26
   484
   423
   656
   626
   113
   352
   493
   787
   618
   332
   337
   231
   693
    23
    96
   432
   266
   942
   997
   700
   198
   175
    95
   369
   327
   519
   830
   521
   755
   292
   900
   239
    67
   556
   217
   181
   261
   710
   968
   879
    43
   658
   462
    88
   681
   911
   520
   947
   205
   517
   999
   755
   692
   446
   124
   371
   965
   954
   893
   720
   599
   145
   311
   666
   701
   528
   199
   314
   591
   168
   193
   986
   826
     8
    74
   859
   271
   947
   159
   476
   464
   510
   583
   509
   957
   708
   880
   274
    14
   125
   347
   613
   270
   658
   632
   324
   539
   831
   638
   130
   351
   184
   468
   529
   544
   894
   389
   815
   841
   548
   643
   306
    58
   226
   167
   367
   286
    47
   642
   653
   525
   989
   618
   147
   999
   250
   471
   538
   434
   462
    20
   785
   998
   488
   315
   542
   383
   704
   709
   224
   604
   704
   882
    14
   930
    49
   734
   569
   449
   376
   222
   974
   717
   840
   121
   716
   443
   945
   607
   877
   759
   627
   662
   109
   468
   329
     3
   851
    33
   712
   427
   989
   416
   310
   356
   698
   711
    90
   619
   160
   818
   841
   486
   535
    34
   608
   603
   829
   905
   210
   706
    16
   190
   720
   125
   658
    50
   128
   861
   435
   840
   288
   777
   608
   950
   133
   658
   662
   223
   278
   174
    41
   471
   661
   928
   505
   621
   883
   686
   878
   446
   392
   894
   636
   465
    19
   646
   515
   147
   507
   302
   339
   795
    79
   299
    98
   212
   957
   112
   787
   587
   286
   180
    59
   299
   108
   916
   920
   992
   603
   798
   438
   347
   692
   426
   812
    63
    72
   679
   562
   931
   982
   901
   726
    61
   200
   176
   626
   510
   288
   413
    97
   927
   946
   156
   226
    54
   425
   499
   398
    28
   649
   188
   375
   694
   966
   540
   757
   390
   219
   320
   321
   201
   573
   400
   615
   126
   576
   241
   636
   217
     6
   733
   144
   952
   242
   722
   359
   667
   573
   109
    47
   223
   650
   774
   917
   616
   314
    26
     7
   886
   698
   680
    87
   272
    80
    54
   398
   657
   647
   386
   226
   654
   471
   370
   958
   713
   444
   669
   732
    18
   779
   779
   593
   781
   906
   862
   397
   220
   888
   756
   458
   587
   437
   898
   211
   869
   952
   961
   526
   600
   347
   104
   254
   818
   826
   564
   532
   271
   234
   616
   641
   365
   748
   234
   146
   654
    96
   895
   226
   336
     4
   685
   923
   793
   583
   486
   662
   887
   447
   541
   487
   794
   645
    93
   613
   472
   658
   497
    95
   244
   465
   736
   609
   213
   322
   755
   867
   418
   650
   446
   754
     6
   483
    30
   799
   418
   516
   462
   305
   316
     3
   793
   110
     0
   238
    75
   472
   896
   572
   567
   492
    38
   655
   101
   603
   977
   208
   823
   395
   211
   269
   502
   217
   752
   884
    17
   522
   400
   479
   827
   716
   834
   972
   179
   834
   211
   254
   659
   459
   179
   226
   952
   569
   882
   405
   172
   859
   614
   995
   607
   825
   264
   109
    42
   368
   993
    59
   890
   745
   890
    70
   814
   724
    42
   993
   911
   253
   599
   570
    65
   778
   148
    17
   347
   382
   422
   520
   242
    36
   867
   201
   213
   132
   662
   256
   852
     7
   667
    95
   752
   558
   165
   918
   634
   559
   263
   545
   165
   863
   467
   230
   993
   616
   247
   693
   998
    21
   565
   592
   410
   432
   793
   623
   916
   455
   231
   769
   462
   899
   216
   567
   457
   733
   485
   443
   292
   101
   341
   457
   316
   808
   687
   309
   776
   286
     2
   127
   660
   567
   719
    70
   352
   865
    45
   268
   672
   277
   389
   487
   176
   605
   406
   985
   338
   243
   780
   631
   344
   121
   440
   660
   282
   128
   970
    58
   766
   324
   185
   426
   244
   257
   848
   596
   474
   894
   216
   146
   171
   606
   985
   699
   211
   391
    36
   902
   635
   816
   885
   979
   938
   325
   640
   220
   805
   962
   630
   572
   638
   168
   350
   882
   425
   199
   830
   899
    93
    47
   397
   616
     5
   383
   315
   568
   774
   703
   470
   761
   519
   707
   741
   809
    33
   733
   381
   190
    47
    12
   114
   685
   180
   465
   920
   957
   664
   102
   208
   109
   149
   605
   725
   506
   340
   392
    75
   467
   447
   545
   228
   318
   253
   321
   128
   638
    54
   861
   828
   101
   873
   295
   139
   405
   760
   411
   714
   776
   513
   274
   885
    15
   232
   962
   521
   572
   706
   596
    39
   153
   494
   620
   471
   747
   941
   951
   737
   996
   813
   917
   449
    38
   212
   940
   796
   324
   351
   510
   100
   865
   785
   337
   880
    17
   651
   401
   941
   709
   998
   333
   214
   492
   953
   686
   591
   894
   989
   680
   242
   154
   949
    44
   193
   162
   984
   989
   486
   688
   851
   939
   553
   988
   628
   785
   357
   280
   538
   299
   989
   888
   984
   204
   380
   937
   242
   323
   183
   583
   355
   778
   738
   305
   822
   931
   819
   158
   272
   657
   198
   123
   596
   751
   464
   225
   888
   821
   857
   427
   472
   198
   315
   456
   402
    48
   393
   996
   723
   929
   580
    79
   707
   318
   736
   881
   601
   555
   391
   873
   212
   590
   348
   161
   693
   812
   738
   582
   986
   595
   361
   458
   145
   676
   915
   548
   724
   660
   896
   800
   941
   476
   879
   648
   146
   967
   881
   747
   522
   273
   972
   734
   215
   321
   247
   908
   485
   985
   842
   471
   932
   203
   282
    78
   232
   549
   978
   308
   561
   874
   108
   503
   703
   339
   503
   201
   306
   385
   301
   828
    10
   273
   915
   577
   946
   162
   837
   432
   500
   680
   255
   432
   235
   537
   862
   467
    86
   840
   128
   648
    67
   236
   503
   122
   576
     6
   323
   882
   391
   624
    63
   753
   898
   978
   330
   844
   492
   168
   628
   992
   200
   884
   777
   435
   773
   639
   255
   212
   832
   383
   212
   899
   971
   715
   373
   547
   721
   696
   782
   465
   673
   845
   218
   923
   175
   549
   119
   667
    69
   748
    12
   269
   984
   789
   704
   757
   780
   311
   321
   612
    46
   533
   863
    18
   248
   236
   917
   322
   285
    51
   787
   958
   248
     5
   881
   423
   906
     0
   443
   975
   100
   807
   244
    84
   948
   301
   194
   728
   964
   515
   693
    11
    49
   908
   381
   649
   145
   650
   971
   782
   702
   758
   740
