646945
370500
 52212
799195
989647
176121
663753
125971
806007
523844
906684
122928
340593
540604
551493
940852
380752
402225
821946
412208
779713
600859
164106
576196
896622
279908
151938
498417
324528
112146
479978
487825
998998
532190
803372
504998
224664
467126
630969
547023
507322
 54005
669951
364267
594610
221444
821471
491714
140021
643417
903923
919734
244277
 68029
 12282
657251
347937
164220
155668
188817
792718
635646
192995
791717
684188
512719
813067
425204
979845
444036
972227
  3519
 14393
158530
367786
609003
896326
189258
617070
 36347
349027
520993
956081
109656
589022
484716
766907
453311
648936
922575
158480
441655
 74573
867827
749724
275114
380547
562791
700318
876744
523179
188898
880264
537572
347428
764402
662928
243755
470012
279998
280102
819040
317343
752536
928696
422717
237252
211956
392380
886188
650883
550860
844195
725457
935040
110271
516923
831939
673062
217241
225035
712593
406139
105299
766518
269920
386054
945798
513675
856066
225796
793777
191458
 59491
 62665
636507
482208
299917
848463
874588
702458
499346
941800
 63005
741155
876840
173277
258078
225131
362691
991672
450167
 75285
397811
 71818
841803
667731
457872
303953
697758
830291
 46101
  7888
 21749
105592
 70553
658256
587800
370471
506719
978740
589281
522418
920540
652286
263573
313733
825563
 38004
538864
188255
 29676
989031
779892
943839
 60850
138047
127923
 35074
442000
825681
865365
488101
833569
887115
593693
904123
 61723
697845
790946
 84795
676585
896579
607213
113477
548865
387138
427210
890781
425142
482427
595388
971170
471458
375280
915010
 48660
 29679
 42933
 83735
471679
384966
465452
476132
218536
868919
 69825
639011
930643
284022
946309
 15438
476959
842888
139003
590436
908105
 42493
 17647
798886
467636
 16426
394274
955158
487884
285906
870168
 52897
315585
429453
652984
787264
814420
118436
263396
549308
503708
849573
188319
950703
649947
134628
966141
126906
493868
621496
717343
401973
663989
251342
200860
647977
267768
111486
603136
272004
397393
989656
841253
712978
419110
494237
 16595
749882
129026
796343
299190
632734
162269
  3861
583437
812216
654841
 65930
939123
148709
203778
172818
550682
867767
940512
267894
 32097
724632
379381
151585
512988
293126
141241
354242
522456
 76703
848479
539051
342937
977505
851747
158479
126591
 14016
162340
710028
826232
333533
292310
281707
482242
496088
970877
549277
880208
427741
333523
912305
152373
229256
 63890
181714
522382
721483
535956
 44839
314539
900787
100242
657476
878293
951989
815956
521236
482357
494648
231265
308590
344534
 39927
106649
343128
536016
593879
408757
416224
 21620
742281
328529
690346
971537
908771
872060
 10272
146606
924368
571463
461145
825155
188057
634974
219800
140047
967282
741037
138756
978282
488654
447346
322816
528581
 70348
665945
 64597
664227
 74702
480821
202199
816983
325702
892545
304873
750825
280957
831497
897432
205325
402960
874929
546833
591017
509903
766633
247416
993537
507670
386173
971820
996324
349871
294636
 41258
936571
476933
105855
117150
551636
103029
319350
884971
945083
728247
706196
695909
  9205
537693
109693
730882
457005
500974
277715
564375
527230
 44349
328143
520767
 68371
714316
  8939
581048
580540
303576
622306
 33463
296861
244513
150614
364849
863894
469964
249821
808978
714563
472369
 21239
723768
 10063
647284
971003
983420
148258
248718
547795
675488
809419
875939
712608
394143
106607
721547
975191
203499
541475
113849
236963
838337
358362
387577
203186
222257
373893
969359
547587
 88456
441729
568826
328577
968144
216110
299580
467916
364368
 64650
 15712
556209
390422
891651
268817
784565
514610
506716
276108
718110
564544
389957
471425
919233
264671
375354
638771
486928
749247
608131
 34515
354055
566212
119693
198984
 50708
335803
 14916
518624
216524
 79567
 50688
289085
469989
458691
557902
770906
973302
580970
 47014
207764
145514
436971
679189
 64747
701642
 54543
703519
704923
320142
828002
255790
674197
910566
375484
389534
961274
227639
404450
996250
444163
   369
 46939
733248
986710
505630
807502
757616
995284
904825
320982
203048
566691
757953
398589
147791
975948
453132
851310
197223
773274
195664
969365
963824
106230
344849
353358
583856
 88841
274160
 96458
 49356
274530
659749
782605
261240
681732
106459
535209
677016
527636
856191
396417
 94328
130497
795006
242119
106445
248139
609781
820020
537765
805445
789385
 17941
428027
650587
887651
528235
739428
161812
624693
788784
952694
284443
 87741
213934
966175
710553
265495
643191
238189
121687
555960
332517
252184
350967
 90988
874981
115458
700769
695001
653223
506214
   738
671165
450593
651325
558816
978828
907105
236980
603522
695890
189674
404317
299983
403609
370492
 10536
669104
530035
248726
307143
 85996
 97595
559327
953315
188584
950660
 68773
889353
162013
721996
911920
162752
393161
878865
330429
468330
857694
237535
705310
977568
449777
894985
381885
749760
814946
268729
760297
   402
315116
525375
307546
917464
622970
383225
870779
327906
333886
939552
733612
495899
661549
161884
175003
571062
 40749
505433
555744
414795
259320
261055
908715
709097
672392
806952
975209
487338
 75681
735506
  4092
907150
777233
311638
824614
916556
694864
695394
244462
545102
634946
494426
 41001
812847
656310
732357
900262
213412
754142
972358
628207
 13462
749765
 53275
722559
422157
860227
214120
425847
452261
949627
429940
359411
243212
257930
184025
159768
469146
395771
920583
 14248
 30718
415009
571602
359917
587672
303959
776531
801084
 58101
748890
945643
587915
498655
515270
826826
437165
375498
 40946
379364
827759
506925
809304
703522
750138
583587
887547
909906
 52733
283319
346841
583334
830389
278203
154936
706658
865875
975247
999542
183311
549700
748432
645306
137615
763439
160577
964441
716956
536075
  5387
 96321
880186
512313
421977
583708
778803
  5564
987607
205061
574650
270926
551903
157984
617667
830106
829272
840678
212333
804519
840220
395644
870571
105004
 40950
  8186
868443
717879
488979
585400
253954
494366
681721
650492
523031
103698
234200
301834
625615
221808
506896
200265
  9086
575151
358249
143106
405257
187521
983784
617590
508392
340356
529586
378963
445360
 86888
387149
313803
804768
392480
415555
575074
886846
613628
225567
926230
233679
459767
228064
859294
197927
251312
 59559
723366
826463
934160
866472
748072
638033
366608
882014
146425
706964
411600
 41740
152324
498489
945241
982479
303257
337721
914387
394683
224567
528015
620250
667149
761694
596370
895214
137340
794297
662878
196899
 34015
  5694
647411
416839
753766
285444
783447
635781
948221
  6763
563733
989961
675439
578574
935202
174271
881831
272923
 88658
276515
497491
616673
413117
164640
894720
  9487
576206
 32060
320137
755437
745312
354152
761131
909075
287344
 31249
194520
587143
183382
142741
593907
747116
649055
785698
325690
584257
959969
723874
857181
 48627
516741
871024
181653
929858
552016
592725
455698
644575
141137
775835
400012
402801
646339
677495
311877
933683
708744
 22749
 37179
892127
681842
631086
155595
330897
933136
481285
915155
893106
205159
772336
458085
238252
643360
156090
168111
711728
265167
623809
356303
406305
915996
756315
809106
 78687
433810
637335
 12371
658907
660084
 49550
551034
341927
196988
706629
672824
646476
704266
587979
 55934
425778
876667
 30372
664030
 36379
186462
348493
748108
451630
488654
104411
374287
404650
860727
699745
483338
810889
337081
 12061
986148
997165
577963
 53534
855444
291303
276515
528269
937779
980782
632600
993714
406560
509268
540438
586942
545647
726900
935436
293755
694882
424090
398167
585521
345093
775246
285267
344783
102487
138700
356844
 88636
652217
451159
142170
507662
742462
418686
552283
196593
915820
184883
706659
838732
210503
247097
425674
756151
490350
877462
566258
701584
817905
480777
287106
162998
772375
 88725
 24133
874863
227425
380977
479851
879642
348488
138373
903656
607302
 73411
455939
803895
989231
157175
 26907
827963
367678
790356
253638
123829
280706
131100
206440
498643
949005
687217
785749
628355
459593
390826
652488
850808
134603
549817
847011
530597
414657
985384
434254
 21959
 58796
406545
342207
564379
563720
369114
392343
931399
159470
162333
571580
956529
809785
778020
455172
275143
981590
757273
419850
957535
148099
 72339
324695
799054
138508
171706
329651
553166
673442
280257
575125
248590
686803
917332
812970
766875
802798
721665
698274
962269
400350
269855
918798
210135
564227
890322
  1630
545817
647595
421481
503352
795694
 10172
828047
594748
148680
516105
440751
218198
189548
237361
309676
438138
924164
743360
767460
691039
546159
489125
905666
 24780
889475
691873
459930
615963
256100
350252
617593
318270
997847
555426
821622
309893
565598
166022
420993
230631
198479
378096
448829
388027
615457
758505
342518
539621
501866
626330
747013
564377
631808
169031
105509
521283
860904
565439
653598
117004
432043
787544
951626
429890
342970
289601
256135
908569
455623
677128
655552
654102
 55224
104381
558482
670682
379239
417352
726655
397457
 43682
990020
478186
675490
159051
583695
713126
536307
149134
883076
169664
581177
670620
121290
527419
 13591
410891
783554
438512
866514
977034
 94064
 36969
 32258
714797
111803
219292
610388
 45507
462300
  7845
 89189
452320
  2383
281032
127724
586078
510510
664031
251564
393586
833695
349093
580559
471338
876512
594150
882229
176418
549014
265096
153452
159430
818417
702063
390579
930220
921355
   968
975727
900007
525165
581268
352328
527549
378652
996404
629979
889162
176787
881544
799101
 10483
230637
379660
481821
623502
490162
880402
799920
 39176
145498
953373
714958
963915
655436
105537
410487
 93143
622857
902566
993151
148023
483835
861831
191924
862487
374587
821903
268002
551374
219799
 67103
 78209
966789
446763
 76382
590291
936925
956785
390211
976101
102283
859936
207411
582551
515372
312948
993038
124868
452158
895605
634371
600181
895792
496202
308457
274631
870789
646712
542633
422163
866512
609736
 16725
833301
 56499
 93107
939944
993424
 49892
330155
485877
668528
190092
693288
251079
221816
522589
760469
863036
974747
172426
497407
 91280
584570
509961
916089
859202
380750
562801
401835
319266
945665
527924
335991
295318
584423
945450
235262
 94200
995343
565418
 96429
663871
271862
306070
431302
 10030
828659
708123
873067
319758
396902
370474
927390
981472
880436
843479
840674
777538
922632
758862
613156
868298
286786
465499
163616
387561
410950
398879
481761
922645
480649
578191
102868
752511
884261
 50522
762541
229272
758645
635608
 65382
155547
522435
992772
137020
919223
352603
494046
213113
275235
252908
826270
659885
 56046
808121
823502
443608
735423
738733
441721
658068
219382
536264
760936
488245
420525
811458
250786
166149
 86456
402747
231531
242003
441534
740655
895375
360757
609610
905774
573870
401198
158682
916492
 61083
731081
240966
400937
691041
976389
139670
132762
150810
875404
669027
428098
363649
605904
755909
130788
288406
842365
 49887
 36289
600720
491421
776945
496096
368530
902907
401870
942400
304105
 76904
375245
881541
324337
616211
282478
 15378
108952
938501
148141
259762
330257
333520
687861
210259
939424
443770
341047
227830
802487
390934
264120
403207
398707
557417
415655
767237
976676
333877
225989
280782
927134
601234
678675
251471
733797
961153
783202
359102
416006
931343
618864
746264
781215
823077
956523
236991
783199
813922
464822
102038
721208
245294
 21598
119915
319063
437253
403504
812091
287483
629493
 92873
730969
747080
771548
498792
480877
249054
281994
356331
181412
729689
491548
927676
510904
314625
400551
747896
614177
214473
729070
716215
452033
490716
737813
571948
326131
691419
975452
138222
495254
121298
747448
226223
868378
 35348
241367
865607
284402
523362
221939
465815
253051
713487
909843
280308
544464
826747
 28204
158641
557572
757274
391209
  9606
764342
645374
581554
 90473
853145
 73359
228695
348399
194657
976143
 90974
579387
 11492
332342
444994
812246
372056
183285
794413
141459
896772
704257
421767
441237
531004
449971
116230
 88576
723597
 23791
 98182
487939
669166
196089
578412
522311
785800
323460
387063
496809
299603
994389
 76196
827447
843083
 37542
639694
215139
220828
434107
356599
633952
654716
778366
 75189
185720
744690
707772
790649
468287
731563
405183
472579
400729
117624
 50991
439393
903424
890803
826456
916585
190407
337197
509133
 17854
180281
546676
173900
395420
283856
608008
268371
917808
262724
563090
509350
964797
824132
217122
755446
292419
465037
676981
281350
382119
794606
848694
821512
214382
739497
164320
130968
929904
501517
640101
464111
198150
703129
638011
593571
986985
762371
378294
904794
541448
941384
930496
506245
281868
147618
778043
 90640
129007
971376
371990
511126
765982
220684
848990
496717
960182
529662
627685
406438
547532
784138
386901
745682
  3620
541265
855605
990605
303636
233900
411751
361436
691636
342247
384033
973505
  6217
162076
 64145
135225
649805
436135
646351
415787
173172
 11694
912504
649706
541356
 56541
 56144
 88888
357032
443046
350923
360652
500663
206528
351257
804299
956780
279361
682088
648417
621608
 66121
138274
144178
744550
718771
279403
394355
671258
442106
810142
844430
453800
238999
494136
511509
811892
 66633
116749
168924
 26031
467672
529576
526694
190553
397186
847345
147333
676547
529433
312102
814507
595555
966728
958685
340105
685499
754440
734460
356758
196547
 60954
717540
166699
299953
211677
678208
111846
794662
311310
280770
820693
295334
326699
347387
485887
723885
194732
149573
916784
240518
978027
731291
836073
944756
206329
176178
630255
960769
426990
503365
157316
487944
220906
324016
304250
432583
518576
416096
743597
346238
213218
564290
641573
539917
911677
643812
780154
622761
793385
696938
863279
771413
944582
215704
716169
150911
908234
862776
628032
335224
366142
785349
339521
587048
625717
643771
535983
660645
576219
279580
  6884
789437
360222
648457
845707
788251
808621
142213
411012
602007
355504
790644
889772
300086
522700
605941
967349
430935
985069
595381
282511
351211
897082
622032
454611
 39151
265803
506946
699797
842022
302878
706681
147812
663100
871490
509871
451351
680111
168436
378716
798470
523940
169360
688242
340378
692060
810535
824079
639347
795605
419461
921859
663168
832895
543891
634132
872047
809695
141078
571844
168069
443957
794877
832233
107057
182719
858456
 74761
379182
 26893
453477
694005
 67185
622837
382247
407564
831249
709135
231643
470597
 21092
167456
392456
684260
   352
452699
834744
388751
778746
975823
960595
946816
936132
271824
295401
559541
970895
153858
634302
350077
697103
 87779
 44082
764288
226968
942682
171852
 58218
168169
919848
 45167
189261
 87304
953975
389873
604008
406674
224618
992759
185421
716793
469706
648589
169277
257882
460342
728818
228777
130552
879473
 95207
827655
967252
655641
591944
710573
114675
763796
285143
282844
199996
330310
472105
803653
800637
861979
407661
723663
602949
916773
909084
836094
902831
 74025
  5371
160714
 50720
734189
389491
181272
130014
  1050
  8928
613619
656692
600872
324192
771367
881020
609335
 54212
 81017
939645
 42669
884670
256634
421000
808683
980297
 23949
241808
405734
860043
144640
479759
381766
305354
 46831
115956
211197
228104
762322
728600
237032
375941
385292
354256
700133
673011
751628
309468
243575
832645
765465
802597
233667
 22099
223597
558703
  2397
763899
800511
408131
623942
461503
404242
  5709
283209
967426
638017
 10759
195530
916691
739359
948914
292633
641003
303170
992766
314014
 54798
818587
 73942
403796
584052
876539
153815
122504
100136
228870
641253
380387
 29382
 49384
  4330
  7237
969978
526391
290447
937404
680760
301206
649286
597451
 40565
598200
890084
197920
417722
399203
 28286
988873
217790
102228
909021
318194
495119
 62836
440698
595256
291707
 81951
975643
837441
647687
496325
361030
134018
539068
651477
587774
736180
469035
753413
333632
 25952
351613
740068
223872
285688
139271
252159
274561
873413
870739
699934
707960
365859
279122
148658
961115
 87181
746962
453110
440974
911001
465788
802005
561371
521208
453482
149146
257389
438870
902559
591021
464822
770524
847441
688695
572564
503065
457206
363477
376478
327945
 63411
600790
693804
342534
749449
171271
429715
 12763
140734
870690
923764
122874
672695
485136
644082
642529
150634
901471
 81399
569545
  8844
546222
856421
372638
751269
428986
875703
724827
792463
768533
 52772
855875
369324
746577
714761
635125
434200
144476
647888
574934
531518
 88004
697808
204213
 89492
858243
363095
756478
276066
444494
326023
284911
507068
182445
173901
774689
611431
 49604
499516
920246
818137
552289
776121
703813
815218
490882
338938
765770
151711
503178
340705
683229
107535
554865
403795
197027
929460
766890
953506
205527
727736
795881
  6790
751157
978326
180691
525846
106109
230295
 25363
 26356
564784
 94004
318829
784950
425574
326064
123888
191344
477775
143419
 48401
677356
250954
119619
 81151
447981
 49079
364393
917839
770958
 92130
230073
777748
843287
724751
474791
885485
830861
221438
427200
373569
786223
 37556
208750
571173
979482
534814
211413
687179
528941
354832
735580
722650
122138
371551
320153
 86472
936983
684547
520663
707941
293029
750736
  2042
652668
475488
476833
 54505
822701
214624
481706
196270
   847
519262
921372
 88372
498745
972539
816137
185924
 17832
687322
437856
740482
809460
325760
576988
412284
262743
777887
932948
487036
 70916
683684
  5430
239936
159172
998616
294441
981873
213240
292499
694495
730439
811762
132220
335163
826859
104759
151300
529135
122591
354974
483343
379426
680787
809103
472766
 93071
588198
250653
 26019
591587
321569
709704
597017
 77857
385228
111985
888650
883454
325225
181150
 94301
 55664
992912
226521
907179
336123
847632
574832
381610
486576
929806
864953
382354
610593
190409
855120
703665
778607
105773
246036
886546
943694
955740
999916
 21551
857321
111901
910201
740775
437127
 91351
351428
  9143
600615
577950
432675
453090
425582
  7507
834700
428510
937313
699654
810864
 64259
406415
665984
284276
701374
771757
530312
587921
715451
  2405
587837
737002
859726
699738
163556
116853
653217
254907
468281
178713
371875
562583
611388
824965
504518
618895
659666
933028
 72560
875672
743893
136819
282087
409877
421095
983461
181635
467760
 87734
413438
470165
675571
150441
846243
891662
830349
479448
544879
601608
464081
239944
973483
 26665
367684
798449
531183
986579
974467
980563
575492
366491
724456
712311
164930
650686
649759
148391
348673
633871
236126
762111
620388
428049
428904
466631
319711
259253
462431
380943
860862
926512
137239
350697
953177
504924
665498
   712
491503
639965
981276
583347
522808
222084
812011
687738
872770
461770
352482
737795
611993
104960
499907
232381
533009
928811
699012
369073
704417
677795
266368
 81631
604307
403607
432328
 73837
908531
 97827
 74549
916387
254144
572177
499734
776953
310614
311745
981043
699736
289867
333525
437532
901860
438485
937439
134241
487847
382602
349605
856920
 87019
 27400
639640
685002
631708
 43247
117331
221897
468131
215158
296446
384518
985654
384976
400604
762607
211942
228702
260003
911678
518569
593528
349210
936782
 32014
803001
 71023
 36213
701956
936981
409485
305327
964381
 49125
990330
112441
608724
107661
334338
 76855
839171
147137
977725
824825
 48465
378330
103785
260407
607032
363788
688437
641953
473668
554000
578735
505682
873353
166111
 58247
575309
619444
467732
396989
583825
 33209
387319
212619
641934
 11332
 63309
718789
850503
726798
696515
191680
775263
591197
295465
552022
198229
175605
756812
356534
649274
310812
935270
671308
700517
617733
729556
275827
237177
713640
672816
337354
746850
576487
 66325
388784
587819
129635
623925
954674
856433
320440
146354
148049
911637
958172
216423
626218
650129
973235
982753
299403
800399
434375
487064
500917
 52108
732972
293096
805637
446612
482264
142991
709814
575103
725669
614950
162922
855304
238876
117596
228089
 75668
780302
892490
503658
254826
625266
646228
904956
114853
628981
720711
431605
579708
207775
932522
148168
457099
741970
953805
420064
740586
613149
129878
315689
338818
261181
994963
710474
500057
628911
938563
 92077
409213
347406
595735
664040
972672
241964
 85348
 87525
387297
806059
519130
483358
 13835
968004
631526
470934
226326
101684
407350
966912
714833
537229
798953
570003
798410
793916
280477
814819
422827
735392
906896
348393
 82798
 18984
528785
571822
777300
614133
175700
680949
420192
211182
164307
950379
179187
795834
937666
921865
897518
345016
405130
128703
398597
204083
698706
197007
514352
495535
528178
937179
230927
435075
801924
830078
970411
330709
401900
747711
461194
577600
428660
397739
788783
592968
348118
484322
905154
802136
406187
319024
147153
811317
964079
545750
531753
179137
259110
 46105
674672
787288
499636
905599
738715
301561
252029
709126
148622
653930
973189
126169
747882
401850
523908
 53017
511170
872026
 53691
932676
674163
976231
251700
337668
303900
215779
883418
835653
394916
658880
398110
585940
962521
897747
  7891
701236
715660
259921
926715
864282
430203
899904
990451
694437
301754
 30711
747455
812924
902738
317498
261952
 93253
293729
513652
430921
597630
245783
830691
949635
157051
  5924
347746
259343
968445
245493
267235
669681
961153
527156
596396
341787
957359
496301
848591
651796
314407
879302
915603
643684
298392
233102
905636
391645
526831
935641
338918
640813
181424
685962
590449
854828
691886
938195
114171
176683
700040
381406
362716
661193
424914
959113
519332
898625
971766
884275
 66774
286173
763578
982377
446209
578322
731831
351846
486320
775015
803839
825238
415828
985263
 27552
522629
356443
235790
977176
986967
412473
677216
884725
775190
854761
309640
250655
890446
724617
738773
774721
791391
541298
538299
290121
987508
116622
 21952
855706
602942
313319
659545
944532
245500
161160
488437
768129
 33956
724227
745306
 20923
653053
938874
905648
944595
793636
731640
711602
684082
456258
450375
458803
247649
991673
513455
 54122
495533
146429
592427
867591
265723
905746
527136
210255
151246
204649
215044
435728
238605
939272
697386
259528
108677
636260
681528
569624
946248
413169
281226
146682
869427
731601
121838
633428
239626
635293
687551
251512
781722
279978
119103
563797
185724
646240
774052
853323
850889
505449
805403
605846
444721
502789
865374
 69750
655401
546902
639374
601650
960071
920600
748332
345850
168553
870170
979279
924531
 21815
666830
176043
319889
463160
295147
883686
165236
457739
174091
534911
824980
679540
340314
430826
640613
359455
812552
226715
 14857
359454
866089
616507
835878
303041
881191
698080
471594
267714
677359
912477
289529
860541
 88521
125771
840053
900020
  9457
  5290
357759
699900
 56553
699091
379440
396868
129917
536405
756323
458821
763120
287532
334627
629209
904039
686857
448602
301583
384938
920196
 85649
578649
349026
375178
955543
437547
500949
795596
337567
 26759
317238
211678
726659
373792
910769
622452
287012
557038
158857
559687
 15859
438330
847220
866838
 67539
267611
553696
516142
569194
938634
952690
654843
517283
301716
546374
989178
255615
563675
784775
109534
590434
618365
321212
833446
992157
748333
455898
795521
821723
131107
355209
353934
569437
202429
220773
153329
470040
774469
185823
 39235
229455
654865
210430
746738
472934
756804
735917
728549
836832
 37044
838084
427266
655409
675648
777064
163919
940334
749314
475792
278409
880422
831001
632344
966211
 33430
369469
119540
 19823
143938
821715
 59058
889745
476581
785840
636483
949515
 58997
888752
194416
895829
442148
548852
839447
613910
740853
616512
294181
197539
882178
769973
475948
278952
117327
108292
245164
150757
994113
881056
170580
654403
702772
745990
544148
695705
 48183
696984
161572
107180
585736
355988
519361
544237
421193
358808
158147
678398
491672
968680
875937
373851
255005
351885
652803
372332
460178
414319
523090
970643
295376
210022
625047
514500
472365
169195
726557
520548
866179
888129
144080
968268
760469
663441
512505
698014
 22249
187004
376412
 30274
672036
252349
920477
927041
604235
 89632
299374
580765
503952
338816
551408
315680
548838
176455
346532
537555
345651
 73089
 58103
211830
477570
202183
696450
238039
381976
725307
936054
920578
912311
312466
950852
100699
564816
871329
 27741
685403
477313
327115
266168
981265
665931
817576
813297
731121
994032
159829
268677
856035
749270
843132
584217
226840
561668
280668
981232
943644
  5975
917286
864222
434639
746104
331426
535338
827272
719107
 79431
512675
196421
406546
778843
177686
588829
112772
507336
319951
623156
183517
104980
479191
932788
464464
579760
675980
 26132
376780
657212
486129
382756
 90850
350351
333747
836955
198130
385437
180579
917237
464869
209607
113658
871415
504802
807697
976597
617574
315033
812900
240730
498550
434232
236273
947690
898696
816034
623671
924829
192814
280883
410958
 91922
371734
277661
942021
725041
992143
327459
421972
909381
792328
631579
 23039
180095
136382
347088
673044
270308
662121
485944
511039
677024
920176
263664
624714
818873
596050
248385
260054
305217
 45621
187364
397139
417355
981377
855513
658748
973521
182972
 80720
882902
491652
228652
422293
188099
365034
769382
861144
635342
947855
347088
662733
624879
267265
442750
765946
602490
 38800
530683
862544
344017
576304
566260
257509
510011
547637
113022
168759
521158
812346
765832
404060
303998
994484
826354
  8449
875870
112088
869593
511212
 59943
216682
690298
201175
   299
133048
967121
119141
171848
497804
498037
 32218
 74109
 64297
806079
100472
611934
919101
269232
133093
247799
551416
 53505
 68149
545900
396211
 76598
421770
508299
946192
449334
 84595
679226
655984
285770
195877
789032
769243
831370
477233
783399
329407
 25803
373860
393704
831882
474333
521990
267335
743565
171435
515134
294981
741293
 99635
357233
137504
176233
295355
162156
638777
261041
246751
318003
917026
 48873
 30232
222410
334468
861602
699643
117867
191009
725446
491728
101065
 73680
966061
139408
341015
225978
310843
856149
 37311
568488
955784
394544
705993
648370
206251
384501
287147
467292
147604
121503
900670
712829
668087
123081
 47297
529690
339076
165164
237051
580875
656892
854469
654555
139305
993877
995571
365283
821072
368072
402594
389561
840209
313490
611906
488579
 36093
996407
292078
503386
660363
929933
920408
373192
598021
 43489
420489
127711
898918
585653
881114
479793
758898
735583
134348
414555
245812
646271
296191
 66885
530696
698785
972798
370905
528628
584704
375836
564721
 97463
667914
584459
757826
597848
504868
647370
712221
 64709
 67859
839932
963627
169864
721046
443420
445114
972982
 94121
859670
218794
256744
155861
802031
787440
370998
774829
158345
415978
875885
 50533
980700
489700
234800
 81511
763878
349000
586379
411248
 61221
651089
479107
417505
131068
165324
654903
574489
610438
627885
184962
986460
846680
441706
658673
165063
745499
546024
939893
420196
962002
332130
470730
459054
821831
705530
540566
102061
570882
643297
513310
632103
810738
508769
 49608
941807
674093
704511
 32648
800884
332397
217610
303696
695429
175668
962370
860492
921167
508394
316737
341364
470396
648868
812094
929451
987051
 33976
986369
 89112
604858
629666
118774
236961
440405
627544
802921
382212
817989
 23784
414860
135225
872533
148822
438922
567962
324490
401292
944807
245658
426038
777896
587022
896434
943116
915468
342237
446519
465796
844958
 51984
 70654
474625
170758
823967
915030
314654
626888
813594
132644
650672
744806
267869
 39558
893628
706791
123872
218118
624435
 68679
980128
 50473
362928
 83502
463260
306044
515322
321849
752564
981118
166808
804548
 51772
641433
491658
875739
 72815
806313
 18979
402761
938957
186004
147567
723178
225562
 41195
429970
349434
775665
570757
934466
272146
621231
297394
355648
600843
119790
870971
922692
388706
852089
 89500
709606
420214
730933
201265
812305
320100
  7578
347637
722861
462887
533641
870428
186065
275555
427975
132387
141341
719993
703145
592159
992139
840728
405905
347787
441571
525696
735110
880615
430754
103552
970116
140361
523766
217401
341626
336071
 53854
865556
683708
776715
844795
733701
163496
 30860
525608
591471
679600
666950
311464
899097
259109
819955
256177
181367
167743
697748
707063
419205
 94715
654169
522757
 64831
794530
 46523
798585
652508
898947
852439
 34416
 99007
145506
879211
832709
309002
426424
358317
416826
106024
541619
244642
  5121
317081
 64598
261298
498448
748693
475398
721863
167898
 86465
376032
207008
151297
686915
253531
466234
855775
668830
835025
890192
767838
980531
285755
600547
805886
712179
475216
222712
334555
533188
983706
856028
850269
 48304
633678
865069
313349
109076
586932
481248
711894
479316
688256
863191
682583
458139
845777
538359
126970
680802
944903
411160
661333
230658
528059
467219
942838
  3275
206283
793745
 52815
189990
649774
903084
754646
283452
768153
 67996
908881
871437
549244
620775
867106
753852
   318
549689
211991
846095
 88048
855313
 43249
 32951
266473
704582
263610
794532
688154
722800
314160
410789
 32897
366975
600779
682671
786412
871778
966124
554565
939774
875005
942355
489018
 12132
809461
759222
 12450
359150
487565
858545
963551
342879
418146
996502
125704
639080
776464
920237
327234
 15616
750749
254376
 48514
117724
371507
731185
904136
243285
213661
975054
183059
605018
433761
188429
617150
759574
947651
629600
118724
951569
  4497
 82275
294448
422643
595130
936504
 61724
371594
373093
905310
903563
123842
676038
952077
757919
 47546
199614
178407
290831
413276
669813
990243
 18294
103574
178672
151797
863148
642676
297749
498225
594245
302247
580500
405045
241242
691982
341549
819318
579929
714643
240981
483492
838485
917019
435569
112756
480917
151535
291164
771749
564811
960977
278344
 99458
 64552
457016
767607
444052
616044
 65356
942277
210289
883955
 39130
615334
125198
731112
956884
460868
311041
187879
701849
310885
542716
135221
262806
655473
616138
414342
946637
904239
495505
423966
182583
594963
488518
155952
878922
448923
771996
944279
391200
982286
828234
430330
113972
469784
677795
587208
447005
505188
775087
148854
816074
317804
800427
 78880
489629
932918
493222
436266
837157
988728
376584
 19741
100043
865103
175693
978966
314026
464041
439597
221578
446327
267831
168261
560300
253968
846056
147508
700973
867596
438948
366179
683670
273104
166607
278903
762733
 99525
288477
715351
453034
793557
 91935
989127
409953
957038
681172
388919
787416
145214
344868
525347
591541
612699
693608
668193
383019
 56016
332054
 83992
923612
771002
966524
123635
 44106
649483
402538
806839
265360
207367
522190
718394
   925
614125
707522
410878
 87516
388694
316149
391284
533908
177369
432983
641802
306420
126591
309995
689440
182607
642049
289784
622572
929403
256308
746207
973509
905791
665097
296700
171151
388816
335242
405898
906093
949368
113420
833323
553236
 18466
149472
460872
 68727
843193
893856
710529
149614
536799
536876
839054
235759
178926
128838
858331
624681
901499
120890
598191
323642
302339
411243
 11146
691155
746486
417044
597249
695854
 46816
430572
765442
581634
 96397
742666
650361
939590
636522
360890
605556
173322
897767
444610
409081
593045
 89801
783764
734078
507652
421006
332269
831294
723345
259865
842440
930852
  6351
775836
 44453
218557
822652
991378
983999
404287
604127
726665
571000
 60069
879540
931891
665626
569214
346010
110236
494647
455407
716389
794763
189485
224041
215769
 38107
571688
455466
297972
930480
386318
820675
706317
947124
 39232
 45321
938502
 23231
965960
542629
266248
536961
119050
662140
985204
784676
747706
847566
411265
242353
819325
127654
 37116
525162
868048
769237
 79621
956088
224703
893945
886568
127374
714620
109237
 74498
753852
670911
 13000
293435
636871
 71981
 76036
690184
191031
738176
191740
492060
  2235
555658
903325
244588
374983
547331
798057
416498
415379
567294
496119
887819
791998
390065
774388
919372
621037
399977
510222
374890
 70888
 39574
668325
224112
111555
260713
430648
818938
998890
622389
310998
517477
178047
730675
762065
 69383
278007
 76474
485881
209738
643769
498352
 97558
952119
404769
388298
387843
 25807
788275
898065
400697
859164
937639
585374
599628
565546
846088
 30276
900836
361330
652665
211835
878807
347065
458862
157224
416448
736869
233699
418681
946608
877468
917033
560518
345939
321803
948816
733782
347610
737091
631847
264659
112607
 85838
850033
712235
651384
696121
258864
552220
573803
911529
280407
452610
774946
739270
609835
191394
992491
359886
126427
455451
753706
 43461
 15969
 99645
881616
481137
349779
745578
218229
497978
 10237
847188
583816
860270
 75776
235200
 72744
334640
303772
162899
762521
584180
615510
 53820
839802
741697
761566
348645
101583
887994
804097
855289
447807
336418
471286
329423
817556
821065
 75001
552137
319043
601590
399325
419211
461860
991453
654411
 50956
842445
474535
213856
121319
575067
345718
175139
931221
 87415
936705
279867
705350
824699
 83964
560639
272506
420382
548277
118281
754290
369342
193282
306427
688385
794872
222105
623948
773085
729910
794711
340393
572356
269246
 70601
693675
844314
416319
868814
775535
 20086
805519
571754
725436
146571
655718
802427
419077
592453
350704
 53711
346743
236398
763345
169523
441135
558218
907980
 65083
847655
637890
859794
704400
210246
129041
775002
420273
489707
191321
289087
781594
727760
610959
353349
453196
273882
525419
771976
209311
117872
122680
263022
980968
359079
 26368
666843
800214
100938
574823
865298
464945
212713
725092
169345
422960
370485
460699
843233
860192
652021
648673
641787
379781
775984
511488
349329
566218
 36907
121305
775529
154780
760338
 38552
652100
635769
581272
318943
435983
682210
893766
817633
147155
106479
 59078
832852
 45791
429563
293552
405377
806108
461925
570402
447895
358058
862738
475735
707387
428956
512642
345045
204485
183774
105383
759389
835874
257504
340661
671169
693487
 22871
564935
 27473
686378
187767
 86551
 35583
749910
516114
329135
155287
838574
307412
242041
286469
665470
104779
278556
889209
533735
791199
750606
738221
974973
372341
497610
327200
629845
838272
998369
839685
377495
 79657
867158
580226
783776
953709
615809
533686
986175
461296
205326
824750
768708
447367
627571
950530
552147
906128
356091
 85882
213679
106698
340455
188652
479039
354418
 32204
108885
192690
546926
948570
 86537
626583
815728
666763
926711
285789
798924
460397
788316
776572
182075
129418
 61632
629443
756990
 12162
181590
179470
368254
783824
393149
474952
640632
 98153
470343
995050
130358
579228
704092
677284
 44150
790629
820219
376230
973745
746930
662019
289021
723679
966688
 65594
905755
 96106
127226
535198
369448
655741
233140
548918
540347
533316
458419
 15299
173948
556573
  1994
168998
203283
581223
389442
396919
141725
180072
217138
517956
670169
480420
696327
959190
204099
179367
541136
109854
275474
668363
161404
644922
840456
910896
710193
380803
444213
168612
912454
134513
241537
914448
819864
961172
 12023
209306
358091
153749
905730
 91581
188057
575899
 88353
400736
 51442
292453
580104
592578
918659
855578
777293
596416
 16852
617749
507312
727045
514904
467877
412010
427358
118743
169899
858159
938607
131072
870182
664265
  5515
540283
569996
613449
728340
662247
701802
645429
713689
510607
225533
306268
429267
597463
599913
542035
614315
217663
565699
857713
248919
 33577
786075
676278
668672
955974
534437
123631
603398
920971
787896
125266
461255
874244
738715
705947
 52844
440517
351376
766533
951125
 93261
589153
896744
690724
189067
438779
821392
923082
  4478
679105
688353
554407
465180
364631
223079
937506
415420
346710
 57257
852744
650959
182523
313999
 41555
921238
536298
 94399
361755
404027
860933
312880
 13640
966438
725976
704365
671857
164755
525757
111291
685586
721214
799645
756345
186394
680628
979425
640252
 96049
842487
697509
948793
  9798
880032
779144
 51354
801270
831794
145753
679378
752173
523038
508610
765814
  5829
234587
470179
194038
915694
512288
305330
601280
233502
621327
357626
936248
301955
853403
 92852
914356
212242
790362
379501
222041
186746
158645
789747
504369
506792
451852
183747
258965
974891
208709
 24779
497072
443296
 11310
691110
875343
 39950
996440
992975
273452
617767
350601
726052
436075
720356
818905
350431
932599
125619
729933
670992
828717
404930
460739
333086
911722
428943
 33185
687040
920186
241895
711819
417258
201543
239482
108369
 76886
795784
621161
586214
585589
755281
936815
311641
191356
173524
646898
 58139
622475
288869
788072
293467
117587
193003
270558
450673
621077
215853
483859
308117
136040
242106
536289
553298
960001
775771
178019
553240
571555
315533
139454
673496
 70814
592621
985138
778522
766145
148388
836661
388620
437258
141086
198439
554845
850441
985349
521870
471518
201203
522081
779636
337243
764187
315925
406893
240541
608048
584913
793781
695955
900446
933235
369452
487612
525856
870942
782486
292002
 19330
619147
196974
972940
276585
911766
 44137
127026
413467
566008
114897
131022
 88089
894533
468265
368629
726810
391511
125522
851210
492776
919303
 63517
393222
852538
432969
397186
894746
820263
179672
186748
355946
315171
900075
328886
591757
328193
889376
235135
741660
455384
350032
872683
 59825
760917
857300
944806
  4079
248811
 70328
855289
741587
989631
918807
651161
358521
868128
564699
253268
204744
744371
956368
560690
575895
856443
405928
684004
184636
295304
919139
926297
750688
785524
315332
326866
 62793
172632
271672
 66873
937796
342001
438514
195735
847984
873673
846897
206506
741802
411596
459774
946546
672320
416142
 23588
248215
272586
429516
932219
973574
241173
367710
416223
508213
669586
731555
835079
732380
420540
106752
315605
358336
965105
754119
554071
813089
627793
917320
 19595
885947
845269
995721
348845
517589
411864
372433
765804
200802
318301
214375
690728
559474
582085
106952
 67688
251672
354859
419119
500404
291751
 42223
816009
650087
  7328
570128
720511
336770
714273
154183
872717
116572
999452
868439
465417
517041
796655
354202
799197
513809
672504
529924
204537
748330
112010
827841
332370
880034
182701
267842
380438
474452
310065
196447
640892
833746
282927
877755
686868
513553
 31938
559585
630125
547743
944376
 95543
581136
257383
966097
380334
771192
638601
910258
975730
903284
538620
803571
752006
935006
502624
 19848
315444
977077
329914
 28243
134321
680012
827523
528428
366880
341076
 76718
442817
971201
624461
387194
583096
205598
644577
549194
102284
932122
704147
 12542
907852
123783
 67515
711423
875790
  2521
214048
895638
834318
707477
741904
862561
358150
421916
206436
886578
305148
547512
479648
747966
 35066
104110
651512
134514
826060
812441
200060
928344
744563
904208
457238
652415
544343
524753
880191
420133
 43627
610591
832124
877945
834420
574028
256858
192570
512297
463295
595500
817445
527159
 75148
 81763
 78577
695610
249627
213092
521670
 62069
929504
450014
322984
350064
907253
491752
894408
432006
371943
830893
991985
498886
663017
869930
333306
753398
126789
525876
265695
106436
637728
599492
149947
712876
197608
228525
408487
447235
957969
446509
 25656
887473
896524
348641
753890
803777
840393
648298
752135
728688
479191
744121
743926
658561
130403
 77232
411959
773544
119460
677654
396332
757188
793498
546280
986416
991106
774805
911255
438342
249126
357765
463998
652951
254289
328991
406841
574418
685736
571491
842905
414424
 50683
103378
158350
225596
233782
751934
637555
  7326
871394
315209
920011
144934
625059
466291
131351
616166
757448
 42606
570860
  6574
916723
551210
175877
687364
880202
582719
261782
565938
670562
104688
496715
237597
724418
171417
463193
958200
923352
100748
481879
311098
932309
401890
456033
557369
868181
103736
173535
141981
662694
260747
664907
579418
811957
840784
266782
208511
939855
 44917
290802
610418
665957
787517
848015
390375
475286
311209
864928
914990
411957
346807
226089
344267
265049
198474
901636
649582
818562
591523
791563
481256
368622
456470
577026
180579
297254
360161
905443
237110
921430
196245
847528
587387
500114
211895
494114
491752
523104
359042
406743
451414
222201
149184
795681
487250
864010
213669
136832
682572
321544
444747
680180
690166
901217
257207
387097
714824
133720
292540
951934
 55150
  5137
315814
158889
 21603
527709
653003
513356
567166
 12046
920099
 18580
234247
585635
330613
237850
449645
544282
374682
648569
382178
335782
328749
 72344
236999
102308
975793
951823
236028
784686
420109
291178
789823
252275
450067
811427
296337
619423
324783
379855
631469
761234
398435
382068
863221
729048
619918
312866
789682
510953
961435
171860
846735
290184
760556
600086
392493
736349
 68262
144873
521035
  4723
952404
827211
256999
402471
638638
 69688
 21894
479773
449543
169715
757359
847978
 68136
620580
 93378
204406
449798
399412
231711
411233
571272
594798
217769
848180
194885
126614
584529
263147
271488
621917
267870
223892
449128
 41221
142715
 87766
110909
680962
 83891
 76804
367029
357602
924782
435165
494534
534512
155924
944332
933924
387635
355565
 21548
982434
 89686
869728
177319
216301
454258
956818
  4141
 76175
741040
744385
525303
782262
887100
129421
409523
 84414
729664
486328
451444
 87266
927462
402961
581800
978327
558885
 42484
912251
946521
914401
450152
928955
  4087
319880
622626
736740
290490
 95796
257233
366665
836836
  1618
408320
135450
405071
 54093
 61326
489485
300109
 64006
457281
903727
991468
860243
  1879
969795
419128
 44363
398399
882001
958764
848551
327308
962852
168431
949934
215944
458922
562082
473178
341939
398919
474796
266612
 50721
879867
837057
112047
885705
137167
176053
342986
 40894
683874
203229
 42774
170021
138710
 87137
 84772
 20711
562254
933323
864372
 41458
618107
330658
257402
593381
892741
730580
451672
808012
721729
718284
858733
601596
 71694
487133
487301
208861
179538
346640
249755
863412
549869
808881
549786
688579
412371
634558
225643
974625
567882
 90015
 16083
702341
420673
273485
295722
829766
520418
263746
637778
242147
498383
496512
360095
570077
499997
363749
778938
679535
710389
545045
 59300
776610
353927
609086
981542
766298
759996
207185
257275
844230
813552
273358
546571
750577
 63195
358645
580344
583613
622392
218122
342112
120775
230986
702208
207204
730983
582309
986142
410519
809050
531187
986171
585660
401466
595257
567202
167764
871605
774387
941391
715836
104291
214749
262407
854869
794297
137405
435213
377910
276149
653335
236375
913276
884322
454935
120480
131657
 37244
106622
542176
846294
154161
 44699
948306
555628
156308
515509
239744
 27914
806248
181136
743750
910540
395885
522509
281761
190182
659914
716974
 84445
936063
886661
320820
365691
287335
292107
486171
935345
329351
592793
993873
691997
746955
 38573
640303
818935
194881
672164
 58679
222795
478413
239815
966545
905305
152053
489055
187066
858587
665321
420392
943032
117737
823405
780204
483428
627093
 72311
969600
562438
918014
 78745
556311
126363
825700
594884
283019
160987
789766
955183
219667
528913
949948
975834
495459
855253
127887
500866
558671
986475
166187
495415
445859
283924
318821
742416
767353
462266
331079
253305
 24704
765446
332050
 97367
891809
674103
208604
691180
835090
514722
162716
 54757
 43635
112664
546944
 55446
484270
674831
556312
 42941
177658
722500
 54709
623518
522776
889882
365934
806481
352148
697013
 59786
893204
978811
391837
506923
870621
 65940
715527
561801
417382
230249
240869
472140
790237
353534
 19084
845683
837804
210267
918348
397097
387926
157200
451806
527796
679976
341688
893730
  2810
210188
107095
 62596
103392
 85907
970785
610316
472880
 36725
842195
551033
454108
588797
791903
442600
379034
661789
978036
741069
499593
704655
659417
413042
 92581
816617
381201
620377
 12946
239241
 30459
 15756
449430
653907
 78352
 69174
256166
 49138
195842
245398
602215
554390
796431
572675
143187
104686
531627
 38573
766475
 26015
779642
782420
730671
955412
195463
339604
288381
 93016
476334
301327
332257
 23145
317083
298039
677052
911788
883566
449570
477278
 79408
694968
 79493
150150
  7752
168521
293337
112438
700148
848262
878914
242516
144257
177686
973187
 99669
373149
829143
388050
982517
305477
205730
831127
328623
522813
129166
522027
950953
 12732
971598
428231
608493
666566
 24077
758643
674318
192598
568333
303109
409098
416595
182023
167966
560852
876061
141153
176873
765563
970297
 81276
748080
792126
287006
579207
120749
326171
224726
642777
277125
753810
614375
705356
362303
797293
729433
637299
987964
438383
721984
291073
363834
654931
989448
531800
732136
865509
189306
909009
631072
675955
506637
379153
468081
793643
474712
588831
636167
699438
747960
913292
453249
362335
618648
331904
675980
864434
485555
663944
819169
207539
955017
699355
862471
944465
231156
110959
326327
936814
536320
957399
612769
 42958
336552
 80850
352953
811265
186033
989120
 27055
933993
902412
480304
812680
 37413
812209
488661
418199
297764
668957
753720
 21656
140327
453076
884127
601144
200584
511438
927471
137398
 47758
884871
750167
 90716
737775
347369
960022
 65392
533403
949142
 92448
983748
367907
572752
796429
921672
901313
801442
856223
199078
470399
609943
220734
610726
 63019
621213
211871
263603
132651
655694
401001
696761
540565
667520
787478
278341
531242
747500
860085
580997
212994
952533
564745
 97253
 41638
877526
 18925
942951
678968
875148
658381
665720
  1444
879115
792798
 64463
 16680
521021
844419
665683
176716
761772
362445
233633
945645
666275
 28326
476887
930127
888412
 57884
143121
357297
622629
240375
398935
 16508
775652
341887
211828
167153
516620
877548
168597
912088
186699
749412
928768
707720
110183
110804
400788
871956
473249
634422
817601
655876
662748
810840
586003
 67512
868724
729124
424810
  7705
485851
823745
540565
261504
681984
752394
945009
198605
629942
629958
110693
332993
379370
555813
557066
489554
666617
957854
877862
656218
108628
211815
312094
287729
 22655
898097
355241
407731
143574
780051
931788
629425
120149
472354
407281
318485
224748
868642
 33442
371042
498600
660487
704036
394323
216301
261102
883877
399270
735308
278091
571841
843937
  6258
883935
131666
545265
298385
  3259
952996
441959
783311
401136
587736
419812
389842
995018
738297
614590
380012
771740
501985
878613
432227
722373
272936
164880
499827
673165
 80503
235135
951256
652344
595424
473866
536279
243442
 19131
834664
246702
488479
792975
 30013
889615
380712
966177
279458
892082
704474
410400
272094
992566
428737
150707
941146
151110
939995
622378
650937
613160
702881
402425
 80768
355225
997849
554634
407857
241292
573765
758873
  4346
578596
551849
550711
468212
932561
516888
264022
340995
737714
190774
613089
730281
135864
280149
671427
286974
736496
810157
454264
349657
513039
856689
946777
868264
370890
 17764
792473
128534
107881
551347
132880
686478
103196
683591
671042
552109
716831
451416
409456
454546
158542
 22545
701179
294406
819046
888958
581381
555543
699115
551997
421552
212154
925038
368329
596771
295928
386093
389244
424463
493975
456943
 73695
696805
 76491
273639
367847
144952
990470
819263
554408
961368
977805
 93306
662547
272212
912352
551505
369945
984247
250621
921942
405799
979127
846980
290481
575898
659260
192926
481495
600075
203253
938438
673771
900058
531282
463762
267905
676234
970584
603520
230643
931953
581326
323949
594500
369890
752653
662358
256187
253253
912979
694481
175404
892106
541461
465885
984357
717073
175164
465852
317149
894769
920642
507272
794828
451924
971034
579085
128159
457970
698958
875154
389923
280284
199103
500776
166526
468108
163134
422713
721361
592465
117194
896766
   923
175007
879003
985280
408432
570519
967484
725581
465289
888127
749205
260117
856403
236591
355554
984562
694562
 54512
859716
600837
851148
575171
101613
534026
559632
781099
956739
280993
373564
590285
694111
374488
281644
573115
876120
690077
659986
843605
932010
125275
248084
681216
901744
104487
434159
257299
605402
128721
828163
981470
729559
195664
556642
347524
729690
116274
128624
202782
913619
 18540
793067
607731
909380
591064
697198
785501
281141
357184
145458
213151
998812
909894
894367
900556
 14381
328527
674207
136135
973600
 18723
117606
219511
214387
674248
567036
460429
306874
212012
663211
736845
746904
972631
860928
656285
563695
 74478
958138
844836
948015
619948
574339
946827
529842
468707
847383
 60575
313586
 37943
196711
803538
 56666
314317
 23050
271053
504917
106438
731482
328143
834802
911046
 64988
581706
400029
442269
754343
963724
516747
712481
324912
464762
848781
899251
927941
378623
884310
291677
439199
714248
329620
152262
517787
386286
466579
540837
173691
971496
163627
421525
815991
998429
332571
880979
 96487
248952
839600
850831
212676
356348
 79664
 53940
337462
928446
469544
265404
823421
870206
557081
262620
100807
886701
414882
618594
789339
397813
675783
963030
885661
839410
384555
701652
354191
233479
582632
450678
482431
422232
817861
211460
294932
897526
781752
632395
825972
767648
414151
649393
637855
971232
428366
738662
374285
359600
873608
679976
757414
549391
643006
643075
905153
543913
861080
259344
777392
960064
226374
259824
382296
 44236
987636
193581
458114
769388
342328
284086
537037
756479
449831
691244
244063
394549
429906
134700
754150
819866
814676
 27916
369257
457682
187343
790762
  1595
 48423
566458
295340
  8487
792832
 71516
907136
353420
 59152
617069
811534
828540
959397
611972
365577
715876
578156
573173
476291
972705
  3079
610991
243207
339297
425667
787475
708554
399701
974819
 15668
917648
539594
582126
212988
 64434
891311
284504
487922
244731
343656
104991
572618
172197
 64388
184590
 54126
296616
279098
627300
289259
251804
146731
900250
495011
486029
325917
798839
710935
241970
290010
242956
159618
345956
825082
372607
410390
716393
657111
414664
477477
517120
519655
566447
205669
100395
267389
259795
913363
546488
403447
202622
314644
 66531
619224
326007
 68912
945141
124846
296199
703463
414856
539155
863082
760813
364238
235689
687555
596983
409152
102220
590812
926272
138227
673611
131941
754975
941001
908089
184690
487489
827888
387313
802133
894419
  6537
128140
479683
468031
769339
775883
171494
184195
831390
 34576
461360
195628
786617
148916
308964
195770
251136
416128
638394
905715
 89740
770336
660690
 30741
194777
845381
 34582
 22665
749046
353067
433437
271935
997559
913120
256318
766898
205355
944165
467446
 36746
495093
928806
748726
281711
 77722
574042
993833
845210
990171
632227
267278
 79911
918915
927968
627004
113692
289701
177938
136358
555099
531005
569795
343387
 44916
999267
599705
811815
720975
 60222
795613
274073
555316
724419
 22799
353379
318494
596842
347212
680056
103365
495791
947334
699628
414707
391655
326632
528399
681356
 20922
181109
752808
551927
750904
 96195
596843
266524
212252
925010
503851
272475
720623
777924
344143
961395
800723
697522
279889
913917
561086
959945
533634
 56877
423632
233262
987936
815287
 76246
516336
 12995
 97168
697445
765803
165447
964702
378350
278643
747578
590603
203653
251429
379430
440629
 29353
723573
402024
346428
421095
198265
776698
498533
674562
310332
555410
 98194
 59947
543347
913481
136193
576035
926477
749714
789832
208632
915161
754534
586983
193804
 18464
693938
913810
269893
589720
870791
815598
313293
272815
162027
250740
987432
455077
749273
661994
281761
821035
760189
341708
880734
190022
994254
456769
116499
743968
246602
325132
175481
517488
428467
885638
535953
638757
315800
322198
228477
186591
137797
 58122
975758
816176
825214
963190
271253
574487
141536
553014
911874
901725
894723
792609
 91748
405329
249378
724599
149297
 12332
566083
841130
 46173
510902
726768
582126
149659
 42568
904324
894488
745511
 42121
468962
721269
374649
294176
200811
645902
385015
342348
715269
296890
760425
609992
 89499
368525
531673
855229
 93125
680970
867562
175560
 38452
913735
686463
765221
 12213
352474
324141
432889
763315
586005
475011
232277
307274
849660
 42806
 24438
 11915
427821
883138
727184
724711
643563
853528
814210
 12089
385201
185792
621566
582523
569706
797126
620975
999793
999941
902548
 12006
352416
743042
444895
632083
329047
436258
864360
636321
802271
907166
177111
814186
334988
 60249
 57722
576051
703813
427602
906614
232254
812803
 92406
370172
911678
662112
683650
532653
661905
683592
951554
190263
552360
694596
151510
184443
 23643
587769
565155
176316
906392
988674
353428
236930
323662
930029
294652
416065
150194
722254
322679
898800
 51409
931437
268972
963087
593549
468975
 12092
771806
668919
963646
478421
221279
658242
629932
922074
198237
217701
  3581
890906
124093
992255
760686
361023
832269
690715
172027
248335
840910
894281
 87366
739710
462042
 18804
525035
425129
128705
994010
437221
900512
662929
917220
378933
400560
 91814
  8865
322634
290052
742918
842567
697310
383363
834823
457996
744386
667092
148711
432765
431779
505973
327046
519146
245684
305440
 54302
770719
730569
183007
764729
684143
 83519
944010
601363
978805
344570
693177
504022
183556
499581
246941
 26123
196891
630304
377298
654887
891043
 44391
319951
323808
992522
825924
167207
 28020
587960
988999
 82322
358679
719569
265330
639760
920064
865201
100122
521427
844006
444692
730956
864381
628248
746890
627674
170724
460133
774330
548022
115021
665373
108765
951324
505534
101288
777248
189093
645660
365209
178092
727983
240240
414013
993313
396353
334077
374866
496475
371856
735225
941168
102813
599606
 85768
849703
227280
772844
826188
  1610
320867
941209
183336
429632
408885
205222
 47272
186134
910667
692933
 67695
 88759
937268
824287
 19125
446933
220640
353202
821799
717116
725059
557024
174636
344224
672982
776756
710279
416614
549601
536467
934577
870468
994029
117913
816452
402914
839487
380077
105400
750154
589362
689447
355265
526630
513735
374390
973563
734375
727593
311714
967843
969004
385091
142479
313228
 58073
435588
 23507
991040
985189
 76326
925617
372009
 70355
 43530
188461
473270
883017
 84890
 95022
149523
674252
784470
504788
200882
298205
879179
690797
548932
123124
518864
516776
 92128
903955
175607
405356
478380
127547
945215
469420
112736
 21541
395037
484745
608249
954919
189559
 81519
354288
274449
692893
503811
465054
477363
  8600
182288
291920
887779
389438
840853
 10903
908302
873981
619383
812257
565940
541091
806989
693488
486306
276410
322576
 24199
671447
807322
632448
626367
513233
230319
980655
304034
923213
   819
285440
916928
  9419
467729
208849
413550
857167
566054
940805
765469
956387
560188
 94078
522327
101279
901067
732167
103937
177477
 54744
128136
365277
862066
276937
507996
891651
 23608
  5003
712037
946821
  5822
997478
380102
 15241
465207
588951
945143
838726
671357
885948
120547
627744
446136
214625
150071
 63767
632044
882239
167704
325874
453335
812193
207503
831753
 89130
715499
723404
112738
720502
435441
575912
726325
432919
956014
257918
414478
 61317
203062
253204
249026
605362
373751
876770
567851
104728
543193
631618
736773
941784
799323
578999
395119
611516
786502
226872
216998
502001
466628
846088
738855
902070
422000
981532
851341
894366
755803
265820
472035
475217
 35376
237413
 80579
925480
114183
648430
 30208
173729
280049
283333
115513
595724
862332
 26985
207240
648834
253857
940590
667187
236838
786678
922395
138908
725031
903927
506601
619397
659730
288773
607785
134947
324150
845198
215527
765982
475734
380309
796190
649463
176710
 79524
281328
772434
458208
824665
496026
623395
 78523
436616
290582
831713
223295
729329
970621
948326
633257
993574
 84075
292987
282348
208212
944287
122850
 53411
676166
888832
 45497
 56475
201374
211312
233186
280898
492640
521972
255459
833658
 17999
878854
912181
970967
685788
260246
710614
415118
230867
175292
 48375
740793
259368
857714
 23141
983932
802001
662343
553695
994519
 67527
599192
567347
268902
810504
316885
549800
819497
838857
321611
653155
856856
200465
 81688
344176
886254
341934
 54790
301372
 89153
230083
866099
829946
489451
240165
369440
989735
558519
 31783
543431
553038
 99311
142623
120385
884565
469480
437270
434365
805329
276128
272329
458484
649336
472794
 56524
993512
875400
914810
564655
176772
  3963
794738
559223
350261
800541
799389
719701
790276
357908
267837
333707
427298
883500
992683
547684
768065
978515
501306
718782
783844
777434
991111
758680
943123
463906
815204
452987
339306
246366
 17642
 32431
250329
328732
108006
116942
129273
907395
352996
435902
781655
620833
769609
208954
504333
278644
272990
788750
257159
774296
507532
 41003
 68083
 14996
316035
 11206
478902
647591
980545
334560
893957
514540
883343
660638
843272
991350
777581
488898
415097
130577
924800
196753
751410
210761
922059
772095
  5758
195049
 77197
262917
969345
584729
820273
 37428
599725
136308
564986
594979
783900
 61884
445892
194209
576424
329235
854848
936048
320585
632429
941298
252035
763006
866098
965140
 30768
593212
887199
319215
598970
598600
396412
378239
 84297
497493
714864
638078
613571
851173
203064
724902
151425
781300
170794
861986
874076
500030
716834
810125
336967
349263
751423
589002
628621
133874
554142
175741
243438
957693
 11308
842408
556293
924072
736999
156943
421566
451864
795021
551489
819389
514437
276391
487166
295738
447186
349152
169814
463568
 65987
496291
800535
931602
764067
905890
 76576
897941
976384
252317
657731
450430
779978
 16491
523075
704050
753490
680018
641968
205354
475039
193457
541095
989477
986201
 28261
285215
949739
377414
455029
413307
959753
951321
213842
891355
231740
636084
967931
646033
612469
736601
303764
 62899
516579
320255
585974
736981
590097
782345
378950
311804
257384
 88759
852899
246861
 74960
881161
 48428
 24699
774927
 19810
954358
734680
487483
168201
142387
719223
320637
110319
365256
933106
363272
669020
512357
879851
505627
614684
616832
 95724
397029
512134
407528
654413
600894
260428
417627
192206
657941
466055
733258
432868
  2217
687616
683900
489700
372169
826287
208923
692807
936606
574179
142265
299878
759551
654623
696081
265178
785659
312914
360903
182688
341400
284783
353453
942294
545211
287432
650853
719504
269840
384111
152372
272057
 71727
836272
761758
443897
662560
487033
136704
115518
577565
795321
415397
337116
449944
627830
118647
751955
457096
995902
450995
798497
280685
320801
257143
342249
608233
907996
 61753
878073
292107
730478
666483
363835
566750
944593
324084
745662
947978
977140
861181
525543
772461
792930
379012
738758
420760
497659
490713
394209
  9913
941709
192706
806950
262510
449849
149199
387095
357846
210953
781521
649953
941431
448004
530140
 24533
908949
370576
770196
856927
347716
147729
898823
120178
457011
277835
858936
877771
291846
349649
788332
301759
807710
981038
625061
586572
430888
774261
973668
305086
501566
271541
471391
959349
235897
517884
500234
144846
888460
270430
518125
236177
934511
416948
356355
391522
211135
731643
785646
 19333
597644
573978
837444
921707
555017
462506
508279
502257
236767
998299
323695
254685
786192
795086
214034
 22089
829322
714268
683287
717783
501051
201413
470312
435562
134713
343019
343437
862201
 74662
129083
881534
672306
219413
718979
110365
290782
181485
618645
793039
934604
133296
633086
189289
919489
944525
403323
457930
773847
633943
141218
491630
134994
342631
961942
 86909
993696
304961
430346
855897
895975
 75781
737432
 84634
295194
456411
194999
585977
154248
329996
895368
 88852
463293
528455
278141
899134
989332
197816
357064
763179
831759
498282
771162
966754
357265
249456
570015
867314
 70770
516713
723211
966745
592494
976995
 51379
404040
949758
762731
506369
104006
 92727
918090
192858
 72372
962897
987351
971506
952229
185167
844923
715408
 16927
859557
486570
500033
216823
736027
 70048
600489
806797
586761
323700
289894
695607
817048
341274
615999
766806
104005
122369
870813
713084
 40459
580023
785457
  3356
567375
273315
955585
752542
634590
187345
285821
494148
190268
785854
227323
926295
855902
827812
249444
959015
667864
539338
654622
484912
396964
270622
251719
 17321
909343
122532
730406
466154
218907
 32215
469510
786282
305530
941447
 55177
456473
645144
340998
950621
835412
126853
177944
278059
499107
522108
527503
458123
189972
583194
629097
674885
980158
416071
926604
513832
325414
565488
244238
791568
300747
792805
777430
 87030
614687
235229
658559
 71160
880374
999557
 21781
232138
126410
716077
510198
141870
238185
 37701
599993
428158
620895
229090
619395
117406
161514
 62351
631238
486928
144191
391828
794849
444938
184633
 88631
531968
799320
323861
190527
870481
720587
706437
408614
952725
349199
124692
462923
491069
362877
 16977
 91062
307387
154224
836505
926782
271630
998019
505485
419220
  1299
649676
811048
796148
 94615
995681
884780
142935
311354
724993
333463
698187
961932
 39900
106801
914657
905451
747845
893933
396521
627075
427262
487583
450814
581486
840440
377597
853117
354811
399434
788689
356111
 49111
599738
668611
143726
111771
 69743
286661
423125
794736
136476
637664
273020
692728
744466
187678
598180
  8663
597963
994701
635738
 25225
998636
 86553
606711
839077
980502
976180
193888
379936
764870
 66351
429047
880960
734963
 89125
992731
804706
375787
932209
115795
 28615
569873
388815
721344
830691
 92845
319524
839355
690808
314225
991445
232385
829213
594350
355449
668290
574852
331629
378531
471141
612851
444882
416540
493811
696197
505666
  2895
 17256
397805
935104
649403
426420
 21329
 38218
147764
368373
647416
983640
724080
854576
814217
715525
 86962
643431
826228
958763
828073
401080
290392
206604
388573
419596
167839
805114
913407
380388
827132
432654
397644
224937
884110
563399
167709
905440
117970
315474
790165
765386
815466
514245
136314
629684
746122
739628
273115
572350
698391
101188
489783
505136
824145
878356
924732
508336
199822
354491
405076
543306
787146
319073
768243
671256
882472
452305
 93048
   442
767779
883213
282180
583245
397458
418495
729281
143581
158123
  2396
232283
856515
619937
722066
361651
960434
600423
286383
985122
316597
157226
390198
859904
944372
709271
144499
131981
108096
596804
225029
108538
880935
108243
390719
980533
 22053
325566
709814
681986
483689
712211
914270
856556
848500
636336
734559
325286
753111
 20942
310408
586061
694521
216958
445965
638893
442582
590464
770874
550678
703621
512256
175568
584556
136851
566287
565089
158904
891853
274904
357243
891895
503467
787865
748451
351967
424201
483011
193605
693665
 20305
504013
279726
714826
237323
242043
870072
679905
348859
157298
230583
 52480
669554
922504
637037
322757
  5143
718478
998014
896997
993382
355257
305244
496849
143122
570047
365168
 83675
569410
558773
293692
589716
579138
573418
820894
332814
815461
207318
 12719
164321
880969
759655
733153
 66875
682159
370190
389633
687302
 88669
387647
100651
598403
259256
922247
611605
402378
492295
976773
  2405
 61705
 51899
296098
167773
147389
869516
505020
480203
201330
228690
  9275
882003
109659
285282
615156
176535
967441
501699
566168
171095
106720
470167
788099
221475
729423
710346
833080
131801
718993
326206
650558
780699
894457
946656
464824
558198
332525
486196
554754
533855
714887
564029
932210
824546
849311
 63718
517433
333104
 81769
599953
 20551
704841
 70120
808650
926317
799543
518997
759397
447696
237990
601955
 98255
535041
496412
 44911
516218
 54611
377436
  2414
609365
427643
233653
689746
876205
574552
 55409
939924
 91985
388513
538045
691939
409064
242887
762059
734067
169204
 77955
769416
444953
525651
523758
563261
623906
575152
 59673
185170
 91370
630636
562606
610136
756353
506602
843790
962451
382807
934694
 17860
839083
 26679
922725
893481
234970
848142
136368
513382
582209
821924
591337
351625
783229
633340
875383
346490
257247
450535
922516
442417
 58257
 69504
521375
668394
342210
544329
 28536
304661
443489
963230
838874
282572
506261
761599
692405
257584
126093
828773
287318
708302
167049
878655
576279
466631
511995
968015
813121
285594
934902
251989
244363
993160
321494
765739
177906
180056
310068
722794
484717
753557
686024
839943
552482
708637
601543
761239
482573
727636
590013
769891
952291
273414
164898
 44922
740045
676894
 12937
 69519
478840
947840
321508
723204
457352
159354
  5295
151610
855762
831715
874404
856832
101625
 76780
696775
170459
301769
814670
931698
784343
 58659
 38063
554234
 10950
311478
719133
 55872
567875
912379
585162
637394
907571
 49354
475255
630775
506706
150961
636070
174668
  6724
467786
565424
379908
569411
642204
 76683
739870
460325
891354
187920
244668
950013
225984
315255
477315
537462
550740
533187
621689
463119
634701
259084
370690
684055
250691
517818
707113
918004
670240
881781
441080
654378
447205
820988
223789
605761
897672
480011
 66087
305378
667932
827107
255391
893916
142362
732706
947730
693102
782245
569419
672573
933299
344855
559616
617354
111898
593786
324468
 29903
264026
722601
470983
918405
169807
291972
658546
291920
705996
654910
874359
 11374
322842
701467
783117
733110
360181
 32175
197192
569636
330772
282963
758561
264071
144171
318177
881426
256069
911963
722246
285972
692342
444847
273308
610747
131006
 81632
269293
422927
787628
924203
297286
315354
763397
515105
 98471
 12859
875287
130646
726403
961275
977770
  9367
719836
241842
669890
 38014
123268
925959
466329
845514
728284
158671
806713
517944
769418
937720
599576
555064
360647
903556
995619
174285
218910
275369
689391
833733
288228
 81030
480731
 14632
 42305
458501
540351
762141
700343
210241
316507
339963
652552
782837
701829
380836
457860
508543
415132
743631
962615
 14708
298695
323262
918264
810666
 13899
653526
 86035
219642
487259
374264
817024
967990
905248
375681
942844
961951
137823
643187
688544
970682
499503
341096
269871
717684
238285
727732
226227
653417
987715
188842
184478
286410
 28456
102742
613428
558708
272621
699464
294702
276232
590080
111727
760575
495328
487408
703419
973631
141583
862958
662175
112266
362461
  3271
898489
 80146
757908
626221
822725
411326
613936
527920
595804
416698
 72728
214898
 30127
631436
487519
245943
926139
280104
836023
554218
 40679
331351
 41626
744098
304982
699562
607056
483509
811828
485870
486780
226669
 82368
761041
852891
421445
172367
983179
949365
284523
916230
538446
 15773
462709
686234
503293
708652
128725
783397
544675
682943
340428
392378
240922
 84526
213712
940484
207934
697221
268664
210156
700353
495333
292524
461394
864576
230322
150113
364108
179687
434636
280338
234485
450410
259399
920720
470055
484403
 49445
769804
 29078
732389
110232
937808
973311
711110
151520
430147
919044
365093
698811
129201
 65446
710496
938077
 43193
575073
168399
193306
939181
864439
144295
735871
 98924
111057
511622
 19644
 97464
996025
585442
383620
541455
834183
493852
479263
807494
721314
147135
753993
640358
512228
969156
285911
 94026
679652
740341
653571
254725
908740
846878
710258
289531
507525
962481
388456
134934
990455
924452
232398
986480
 26246
616018
527935
860429
626222
523550
184275
863888
187037
938268
504246
215617
907424
306510
309644
103429
 46851
963215
358154
471943
326445
584765
761475
350322
 63598
666283
485256
 54054
107087
234006
 40534
133334
366376
 84822
510115
992598
124724
694391
372838
311762
632659
877085
527379
 56436
699947
353375
159865
263150
832943
 34371
251445
675740
135488
529272
 26063
199087
711907
 27671
769493
818995
261678
326379
468681
628054
411201
978796
137005
 52278
189539
509843
880392
338551
903280
924123
394987
119579
277499
 71204
382729
626794
621927
150527
302534
757416
679799
328597
956503
391707
872621
725996
727054
134299
 52375
195735
278705
979929
690883
415710
548559
396775
441906
945303
735326
861538
869426
646665
981118
663277
717869
880199
290071
339796
 30726
592606
 97212
710526
437555
570067
618585
310176
812415
345639
960827
381143
 57726
239533
877424
264961
171595
942335
661736
129853
887638
397062
991392
757064
 43727
488862
420342
761596
369061
226765
617745
916140
335723
231309
143018
289631
801377
761603
116159
130144
623594
 76987
 27639
681320
832872
905063
946281
520819
847398
608018
167025
735036
521432
674769
  8453
565160
163631
945147
843108
 49044
171912
977205
481536
 23988
208515
624554
313619
526244
902509
429778
172740
526103
 23117
200380
723775
372341
105443
186409
409513
469194
794427
576538
720582
832211
251307
729035
913723
931290
190534
756832
980334
878799
250389
461871
902787
458904
602777
216406
501500
 21639
162536
674241
547742
702006
874621
271518
 74347
496416
974279
   212
965610
768706
576750
686193
117269
344409
931580
 30993
275699
122115
304177
772386
   914
554566
750609
420053
529823
869738
152811
 31323
891377
315347
705564
439120
533705
580185
226990
124405
 76602
201269
124617
 42212
486327
217720
244757
119948
562129
692690
150941
354181
331157
455118
642919
332071
526037
909880
268476
 55860
779618
421287
 87183
670996
252986
792748
626468
786692
889285
369810
911097
965887
 87431
552066
524452
 90110
769786
285561
210058
848268
978251
877352
718801
309408
848822
361720
157831
374859
271600
426307
430719
567570
363946
 34255
238566
616933
343355
381386
403625
232640
751196
831074
198528
354979
383140
239332
445089
669279
524893
171500
517547
503145
 48852
752700
328905
897674
114420
  3089
788886
902372
945748
735957
469942
309695
770212
708509
926628
113567
606247
846605
346208
357444
677679
 61088
712423
577171
300420
673865
246450
825313
845365
280349
844810
894217
 33049
690068
791891
663821
693157
580777
566193
638905
316735
 36136
948600
603299
260997
391580
233219
867244
238185
 95779
741040
915864
156867
453464
  9388
973639
127329
255838
315304
972694
 52540
160115
383263
 85589
366535
691506
749411
 59692
788636
831956
214949
621723
384444
679902
225022
645441
 71482
458241
 29038
309668
554020
770078
741884
227239
739894
751272
200878
383575
523463
516183
872621
576003
192650
255884
177944
559185
947391
443707
135229
736027
275664
350178
874102
660108
 30080
 99124
821902
617915
 73718
850940
443935
144090
137370
702171
371330
877265
969796
 88560
260840
493259
121095
649814
585614
830097
905698
279910
905634
369441
239970
 40863
621820
515634
907394
495922
692094
453826
111399
 30348
588093
185117
397640
 32028
845559
535011
734200
733241
928628
703996
338154
189468
713607
459249
355634
815573
805699
261333
 95483
711333
147126
335453
268549
285299
367439
175943
781221
575886
146121
408972
606234
734215
110441
  3875
282595
956001
 55238
 16795
689242
983866
237143
 27396
689686
950750
  2998
 45321
282675
808697
823006
378159
520030
970132
229964
304931
255431
113756
480874
553005
689642
143348
961977
812228
877563
 72419
816103
676510
544772
871341
693306
750366
371559
930449
294115
 61246
