 15151
  9520
 22959
 21789
  1729
 31231
 27636
 18041
 11114
 19979
  9471
  2572
 27091
 30630
 30953
  7773
 30201
  3117
 21422
 31557
 29917
 14055
  9346
 16374
   638
 30513
 13161
   571
 21508
  2520
 29954
  8962
 19006
   455
 20643
 19479
  2126
 21474
  3243
 31538
 25251
 23089
 21780
 15924
 14888
  4673
  4168
  1198
  6075
  6855
 30262
 10915
  7137
 13447
  7588
  8335
  5816
 19060
 29639
 21671
 23597
 17689
 21009
 16739
 10350
 11575
  9802
 17722
 10403
 25008
 24802
 10156
 31705
 25763
  7558
 28550
 16446
   985
 14833
 28258
   148
 24672
 20229
  9581
  5600
  6517
 16410
 26477
 20834
  7848
 21654
 23554
   714
 27962
  4029
 18475
 11945
 15562
 15051
 16397
  2342
 24368
 21824
  9712
  2290
 22442
 24444
  6795
  9854
 27958
 13195
 17025
  7019
 15422
 24642
  1323
 13890
  2938
 14987
 10392
  5733
 26643
  6397
 28370
 25669
 19716
 28080
  6243
 22998
 22982
 12879
 28696
 12096
 23596
 23150
 17413
 16344
 12684
 16414
 28617
 31566
 17183
 16063
 23572
 30503
  8618
 28694
  5990
 13422
  1118
 16288
 27673
 28071
 12029
 18469
  6049
   261
   831
 12175
  1811
 19165
 16756
 29949
 15588
  1113
 15466
 25876
 17395
 31345
  1169
 10389
 21450
 12567
 20061
  8501
  2593
 18098
  6124
  2217
 23972
 11214
 20969
  1536
 11767
   786
  4016
 11573
  5366
 15730
   691
  7429
 23873
 18086
 17692
 12030
 16888
 21978
 14260
 28121
 23491
 13991
 30467
 17929
 24342
  7746
 11193
  9364
  4019
 24819
 14924
 30754
  3440
  7113
  5603
 18515
 24122
  9869
 14963
 22358
 22874
 25076
  4647
   440
 22519
 13848
 18950
 20601
 20188
 21801
 22992
 29029
 13692
  5728
 17192
  2465
 24115
 32053
 19448
  5765
  9167
 16594
 14354
 20649
  4175
 26567
 17939
 17731
 24811
 19455
 29581
  6576
  2900
  6899
 19557
 11600
 10300
  9757
 18809
  3479
 26393
  6064
   646
 28769
 28454
 24454
 14154
 10374
 20907
 27738
 29669
 18607
 29055
  1335
 21637
 26728
   971
 22320
 11330
 16246
  3600
  2898
  4935
  2922
  1388
 30935
  8243
 29558
 29465
 18332
 20671
 24192
 16950
  5846
 26016
 28533
  6858
 31744
 13743
  7136
 28166
 28184
 15431
  4283
  6090
 28938
 26350
 22916
 14699
  5485
 26168
 32148
 12724
  8301
  1513
  1965
 22058
 28680
 20570
 11218
 20884
 28542
   286
 32603
 19387
 12290
  2788
 30536
 15983
 31158
 13471
  8406
  7114
 26838
  4581
 18512
 10681
 27443
 23189
   552
 14007
 12772
 26045
 19014
  3036
 27448
 19387
 11680
 16407
 22767
 29602
 12811
 20664
  5801
  4063
 28752
  9009
  9374
 19996
  5251
 21533
  2704
 15972
 14480
 30593
  9982
 13704
 19735
 11858
 32411
 11970
  1146
 13624
  8190
 28825
 29748
 20626
 28571
 30980
 24684
 14778
 28658
 29906
 26057
 29066
 23046
 17993
 30089
  7199
  6673
 24334
 22477
 18908
  1142
 28997
 10295
 20914
 22263
 15352
   183
  8351
 23080
 30397
 18082
  8821
 14115
  8339
 19973
 10205
 21886
 13838
 18232
 28059
 21882
  4788
 10934
 10516
 31357
   422
  5931
 15885
  6595
 16771
 21967
   437
 24912
 32649
 30963
 12006
  2857
  3581
 18649
 28584
 20675
 22989
 29385
  8183
 12988
 25461
 11873
 11718
 26825
 16159
 19757
 14915
  3568
 24590
 26744
 24669
 23799
 13116
  8545
 17539
  4380
 19778
 10033
 20911
 16134
 12153
 30699
 18340
 14844
 26719
  3877
 32372
 22869
  4924
 30487
   836
 12847
 31493
 28658
 29267
  6500
 25728
  8563
 12857
   442
 17321
  2743
 29805
  2650
 24661
  9297
  7946
 20868
 11797
 26778
   979
 24448
 23389
 13896
  2164
 15832
 23525
 16706
  9227
  3780
 29264
  1459
 21990
 14566
 32012
 29021
 31118
 31543
  2681
 14129
  7173
 32066
 30797
   284
 13901
 12176
  8759
 29731
 28969
  4195
 25538
 15026
 22056
 10407
 29053
  2353
  4574
 21797
 19801
 20697
 11125
 12282
 23122
  5318
 21861
 11847
 21329
  5453
 15231
 17963
 10577
 17807
 29232
 12526
  3265
 16206
 27396
  7551
  9770
 10496
  4713
 26401
 16914
 16930
 31414
  9313
 29728
  2511
 14443
  8779
 30081
 13201
 21434
  8157
 17033
 24183
 29511
 23996
 15262
 17000
  9261
 22054
 19794
 18358
 25409
 12584
 25551
 15606
 19354
 18705
 11640
  7952
  3665
 21286
 28877
 10130
  6021
   151
 31119
  5450
  1186
 11186
 24869
 25363
 20451
 25943
 13887
 24815
 21782
 30380
 18361
 25430
  5024
 11025
  5826
 31950
 20928
 30295
 13373
 30140
  1304
 19244
  3431
 30330
  9321
 13786
 27579
  6057
 18078
  3890
 11283
 19657
 13068
 23490
 28943
 23815
 18168
 11087
 21690
 24149
 21593
  3199
 23915
 26304
 24032
 26837
 14826
 26622
 21558
 23778
  2260
 26951
 14469
 24762
 12097
  4967
 18489
 21670
   675
 17168
  5640
 17944
 18930
  5492
 13359
   228
 23046
  8979
 21503
 16556
 20804
 23762
 32409
  5788
 13948
 16206
 19190
 22360
 32530
 20591
 13610
  9523
 16476
  6976
 31465
 27298
  4172
  7678
  8522
 22768
 22863
 24175
  1995
 16179
  9588
  6260
 11413
 19838
  9425
 15074
  1538
  6232
 29475
  9870
  5469
 28781
 24756
 25511
  5865
 25220
 17026
 16713
 29476
 29617
  3485
  4942
 21836
 28108
 16849
   616
  2851
 20513
 26501
  8813
  4592
 14441
  9443
 17137
 29894
 22522
 11833
 11802
 24584
 18746
  5535
 18864
  3629
 22873
 15835
 20084
 29121
  6720
 29825
  2483
 16556
 20676
 30559
 23834
 17591
  4896
 26903
 28876
  5452
 11170
 30990
 19378
  7805
  5028
 17029
 17938
  6473
  6846
  9990
  2660
 22810
  3642
 10242
  6241
  4753
 29896
   952
 32348
 32646
 12915
  6488
 15573
  1099
 10452
 22633
  2124
 14897
 10118
 16232
 23891
   846
 16602
 11698
  6887
  2941
 22219
  3236
  5888
 23205
 29748
  5120
 24935
 23615
 17984
 11666
 10440
    18
 18978
 15380
 30216
 22593
   775
 18768
 12760
 22664
 19529
 24452
 10379
  6851
  7142
  4618
    36
 19632
 18736
 31032
 21684
 10997
 11206
  9606
 28387
 11621
  9922
 19950
 18636
 18559
 29748
 15769
 21774
 26679
 17616
 17591
 15391
  2042
  2019
 12463
   996
  3052
 28556
  3960
 21887
 16244
  1320
 16966
 21865
  7418
 25102
  9066
 16832
 17135
 24701
 17267
 19170
 14862
 22738
   410
 23098
 28898
 16126
   861
 15194
  4233
 13368
 20329
 23370
  3767
 24815
  4029
  4640
  8446
 11011
 16141
 10961
 30028
  7220
 17764
  7495
 21429
  3291
 18446
 11956
  3442
 26328
 12469
 27685
 23850
  5323
 12234
 13146
  7281
 29063
 15911
 15829
 29327
 19395
 25074
 25137
 24706
 21011
 15044
 32693
 20038
 31511
  6410
 18473
 32083
 15858
  9388
 23528
  1128
 12030
 22253
 27703
 14471
 21695
 19347
 22485
 10048
 18709
 11591
 30164
  1587
 31413
 16702
   678
 15313
  8921
 22041
 25467
 25954
 17207
  6666
 13259
 32332
 16432
  7225
 20782
  3218
 27467
 32102
 22900
 30363
  4577
  5071
 20210
 26165
 25626
  1620
 22298
 23769
 18456
  8921
 18255
 23857
 28017
 29676
 29687
 19927
 13539
 22951
 30161
 31072
 16451
 10712
 22920
 20377
 16055
  7008
 28041
 19472
 18725
   217
  8722
  9686
 25323
  5756
 12172
 11396
 29393
 26433
 30491
 30332
 18491
  3399
 20851
 17521
   164
 20855
 16365
 15914
 24903
 28261
 13274
 27778
 31007
 31350
 24599
  5300
  7954
 15688
 18658
 22741
  8298
 29774
  1515
 16802
 13188
 19131
 27310
  5500
   716
  2210
  2305
  8369
 25577
 15707
 16873
 21245
  3892
 26920
 22706
 22097
 27503
 27160
 15423
   722
 16820
 12332
 31390
 21541
 28075
 31929
  4831
 17386
 24064
 12557
  6439
 11654
 30996
 28757
 24832
  7974
 14835
  6335
  8691
 15361
  6535
 22491
 19033
  5085
  6155
 24135
 29806
  5076
 31425
 30347
 12711
 29784
  4584
   834
  8262
 18549
  6889
 10363
 32555
  4694
  4817
  9310
 13293
   267
  3331
  6931
 30505
 15241
 25135
 23007
  6938
 23794
 19326
 21904
  8298
  1559
 15887
 26652
  3400
 10300
  6823
  4485
 15035
 27931
  1444
 16383
  3126
 24619
 31539
 25429
 17772
 15649
 29635
 20361
 29285
  1975
 11450
 12987
  5586
 20653
 26982
  8779
  4510
 19470
 16438
   834
 32197
  7349
 18474
 20974
 24937
 30991
 14984
  3277
   547
  3363
 23761
 18093
 15767
 15823
 18163
  9232
  8523
 12628
 22976
 18389
 13497
 16661
 31135
 29461
 10658
 14491
 24961
 23628
 26278
  1501
  8727
   441
  8210
 16062
  8515
 31495
 29433
  8152
 11724
  3628
 13958
 26744
 31573
  2962
 30608
 14313
  6800
 13684
 21103
 20470
 16815
 13964
  7950
 24746
 31003
 27627
  9026
 16730
   105
  1576
 16218
 15078
 32650
 17852
 18680
 18235
 22593
 22189
  2079
 27164
 11226
  3946
  2700
  1827
 26906
  5878
 16714
 22786
 30322
 13897
  7297
 28175
 19575
 22772
  6543
 19968
  5271
   259
 30553
 11506
  8196
 12839
  1251
 20401
 19189
  6165
 15903
  1331
  8206
 27689
 11011
 22885
 20508
 24143
 13534
 25899
 20998
  1315
 26092
 24481
 16129
  6487
 18216
 21672
 16130
    85
 20577
  9374
  6521
 27174
  7824
 12652
 15932
  1683
 25705
 23750
 23233
  5514
 18736
 15278
 20369
 22211
 10702
  9018
  6649
  7330
 28708
 29336
  1539
  1632
 29855
 15951
 15525
  9574
  7693
 16583
   567
  4601
 13231
 13324
 14634
 13084
  5519
 30927
 31992
 15794
 20243
 11950
 26967
 12004
 14291
  8629
 25010
 17858
  5800
 12580
 27865
 16429
 31493
  4978
 30968
 24308
 16523
  7059
  7110
 30013
 28887
 25463
  8958
  1831
 30623
 32723
  2323
 15277
 23805
  8483
  8736
  9678
 31242
 17904
  5405
 10474
 23471
 25166
 30041
 31856
 18360
  8362
  4132
  4790
  6186
  8130
 17100
 26408
 24791
 20981
 27852
 30629
  4911
 25021
 21055
 27942
  5209
 16250
   667
 14241
 31107
 15473
  6043
  8493
 24182
 22292
 24701
  7270
  2669
  7300
 19822
 21011
 22311
 17236
 12099
 12806
  3643
 25488
  8041
  2884
 12460
 28669
  9247
 28518
 23741
 21667
 25826
 25919
 17926
 24201
   809
 11967
 29640
 20672
 27475
  9751
 14718
 19106
 12766
 30238
  7604
 25436
 20697
 12788
  8988
  7850
 22940
  4069
 10207
  7906
 28342
 19344
 20273
 14388
  6695
 29512
 10536
 18736
 21456
  9402
  3278
 31880
 19495
 31952
 22645
 22552
 20271
 16086
  3146
 15651
 21416
 30428
 29485
 15840
  2690
  7003
 19904
 27701
   664
 29211
 13246
  1474
 13467
 15443
  8079
  8481
  2892
 28179
 22553
 16492
 15343
 29919
 11480
 27904
   764
 20892
 14385
 16513
  6423
  2481
  7171
 32543
 29762
 13158
 27776
 10007
 10578
  8591
 15675
  6524
   415
 29295
  1153
 16439
  6400
  1495
 18669
 21837
  6135
  7822
 19767
 12128
 24104
 13045
 11853
 14201
 12560
 12523
 10149
 27652
 17139
 14575
 29137
  5404
  9750
  5252
 28500
  3593
    47
 27610
  7092
 18439
  4634
 32426
 28880
 27209
 26573
 25698
 13940
 13118
 17550
  6018
 28715
 32531
  8036
 20550
 23892
  6009
 17355
 29317
 16248
 12456
 27307
  4825
 23259
 14244
 24459
 22272
 25937
 21951
  1538
 13698
 22355
 19807
 21359
 22676
 21330
  5121
  4330
 10301
  5963
 19838
 31099
 16311
 11420
  3213
  2185
 21016
 18966
 31882
  3221
 16946
  7251
 22646
 21032
 29111
 26698
 21310
 31497
  2977
 15392
 21824
 21940
 19920
  8770
 13067
 18696
  5621
  2736
 16742
 10304
 13744
 24220
 27285
   804
 20981
 29235
 10455
 18048
 20916
 18619
  2611
 16598
  8121
 24286
  8564
 24400
 17361
 28485
  2163
 14072
  5934
 25961
 22420
 11819
  6156
 29350
 13971
 23115
  8341
 31122
 27265
 26037
  1282
 17292
  1289
  4595
 23812
 13464
  6392
 10802
 31842
 29034
  6141
 31222
 24291
 11200
 15788
  7180
  2926
  2293
 11209
 13761
 12912
 22227
  7108
 29265
  2942
   682
 18816
 21154
 13884
  1694
 31576
  9522
  8829
 16709
 19300
 14926
 17323
 27506
  5624
 10374
  4970
  8267
 12654
 13661
 10104
 11170
 21286
 13893
 24279
  4738
 17866
 32202
 27183
  2567
 21719
 10509
 13166
 20595
  4441
 24948
 26801
  7295
 21494
 26272
 11879
  5871
  8237
 29855
 15539
  4713
 19680
 23139
 27667
 30087
  5648
 21619
 30016
  2859
 31721
 32737
 26709
 11539
  4862
 31100
  7986
 31917
 10709
 32070
 12067
  7724
 26534
  6697
  7613
 10715
 18528
 19941
 23817
 18353
  6637
  7501
 21221
 10534
 24247
 31923
 28582
 21830
 14699
  7329
  6146
 31492
 17917
 28362
 26158
 15824
  1004
 30527
  1603
 12396
 13767
 15846
 12774
 29179
 23024
 29737
  3880
  8539
  8352
  8939
 30379
  6836
   811
 29888
 25863
 13137
 24709
 28765
  7019
 26543
 17157
 14157
 13192
 12244
 13162
  7398
 10922
 28130
 15644
 10620
 10280
 10988
  1972
 24020
   767
  5640
 10685
 19163
 19130
 31142
  6332
 20888
 22421
  6944
 23151
  8032
  9697
 14482
 23379
 14921
   170
  6379
  3688
 12769
 16280
 25156
 14904
 18463
  7187
 10865
  5910
  9881
 25002
 30166
  8868
 29688
 32182
  6268
 19608
 23977
 12858
 11621
 24767
 27094
 28686
  6172
 21058
  9621
  7229
 17551
 19496
   863
 17579
  6433
 11036
 32195
  2043
 20220
 17520
 21083
 13487
  9380
  7779
 26880
 25489
  7890
 32159
 15162
  4434
 19327
 27654
 20474
 31602
 15167
  7342
  8076
 17503
  9424
 20778
 29639
  8929
 26355
  9228
  6279
  8373
 23674
 23719
 28765
 11385
 13987
 12314
 16772
   712
 20900
  5002
 20247
 12965
 14215
   942
  4738
 16669
 17720
 26001
 10551
 12328
  9693
 25747
 19106
 27857
  6245
 29105
 23134
 26774
 13156
 18439
 27305
 25106
  6942
  6803
 17173
  8409
 24033
 20284
 16257
 10404
 27289
 27411
  6984
 10158
 21918
  5080
 31928
  9309
 24528
 19136
 21702
 11813
 29670
 17525
 26367
  5546
  3587
   607
  3522
 28708
 16778
  4386
  3757
 27144
 20788
  4200
  4949
 11493
  3424
 26592
  6714
 23691
 27818
 19847
 29690
 28531
  4798
   294
  8388
 26203
 14703
 24859
  8720
 10033
 12291
 15453
  5261
 32562
 25809
  1467
  9819
  4179
 11535
 19556
 15739
 11744
 16101
  7596
 25220
 27747
  4549
 13325
 17303
 26823
  6399
  5996
 25492
  2749
  3216
  4766
 18830
 18015
 13371
  8747
 17533
  8467
 26844
 16466
  5939
 32179
 16376
 12877
  8338
 29675
  5528
 15062
 21499
 14050
 26712
 21993
  5641
 20252
 15291
 25036
 20864
 11167
 29889
 22861
 22656
 20052
 25788
   843
 26111
  6065
 30303
 15223
 21366
 30101
 12568
 14428
 22233
 31091
  1696
 29341
 23757
  6579
  7888
  4478
 21270
  8789
  5558
   166
 30542
  6360
 24552
  4900
 32221
  5978
 18712
 22447
  9509
 25344
 16617
   562
  2301
 16792
 27137
  3720
 19041
 21117
  8031
   131
 24423
 28347
 25583
 25908
  8053
 21620
 28764
 31078
 24498
  8579
 21286
  6508
 13242
 24926
 22260
 24093
  9878
 12865
  9003
  2844
 32747
 17801
 19135
 12893
 26993
 16222
 15690
 12516
  2215
 14740
 20059
 26832
 24774
 28115
 18192
 23705
  4339
 19190
 13799
  3990
 17080
 31154
 28881
 20418
 23733
  5240
 32136
 19647
 19859
  5788
 21539
  8219
   826
 18102
 12264
 10963
 25156
  8265
 25185
 27669
 20913
   162
 23730
 13642
 11996
  6915
 25385
 24404
 15789
 30721
  7959
 25876
 26897
  1067
   734
  1840
 26535
 29164
 13388
 23827
  6333
 29363
 28967
 30517
 11642
  2896
  8713
 30364
 29276
  1954
  3950
 15779
 19686
 20847
 27916
  7674
 16786
 11923
 12131
 10222
  5645
 10845
 24468
 32490
 25507
 11830
 24950
 22334
 11768
  3459
 24551
   288
 20986
  2253
 21344
  9456
 24851
  3103
 22221
  5313
 15523
 11440
 16027
 22292
  1453
 10690
  9746
 20198
 13521
 29898
 26341
  9454
 28282
  1233
 12039
 22048
 26456
 31002
 10433
  2933
 27921
 20229
 26882
  7918
 26419
 12083
  6134
 29143
 25710
  5611
  2009
 30793
  2048
 23229
 11790
  7666
 27504
 23397
 12907
 26648
 18559
 19954
  2264
 30940
 32604
 32295
 18712
 22460
 19735
 31265
 14566
  9052
 18008
 29242
 15428
  4230
 27217
 20526
  8208
 23151
 25073
 18812
 29400
  2108
 16218
 28943
 24559
 11204
 20886
  3102
 16576
 32152
 24709
 11857
 22627
 31297
 25882
 24869
 28014
 25800
  4551
 23185
 13838
 21116
 16182
  1770
 19030
  9199
  4410
 27140
  4310
  3906
 26629
  7066
 22896
  8098
 29083
 25327
  6759
 19987
 28551
 13750
   953
  5996
  1228
  7727
 23727
 13219
  8222
 19604
 24498
 21067
 22098
 22451
  2144
    91
 16660
 28892
  2015
  6961
 13784
  3837
 21361
 29911
 26899
 21772
   329
  3460
 20906
 14245
 26526
  1638
 24746
  9717
 12797
 12702
 24891
 14806
 24803
 25485
  5327
 13115
 26507
 26958
 24479
 17103
 23557
 18563
  6488
 26585
 28040
 11349
 22033
 25955
  5385
  9142
 15233
  4763
 13324
  5353
 13935
  2681
  5563
  2629
  9321
 32418
  1589
 15414
 17849
 12685
 29736
 31876
  2965
 23524
 20642
 26328
  5782
   301
  8484
 31356
 31084
 30633
 30713
   354
  5071
 10108
 18117
 26728
  6584
 17679
 16225
 27866
  6866
  2739
 14054
 17208
  7723
 13703
 16136
  6970
  9776
 18843
 27046
  9490
 12504
 24917
 27294
 31729
  2079
  3092
  3046
  6604
 30390
    20
 10201
 14432
 13561
  9106
  7630
 17268
  8737
 12592
 29935
 16478
  7611
 31642
  8521
 20168
  5465
  5226
  7967
  9908
  6791
 23113
 22660
 14270
  5376
 12887
  2345
 19873
 25890
 28878
  5235
 24061
  2720
 13538
   464
 25432
  9079
 15339
  4940
 26978
 22307
 28613
 10847
 11901
   530
 13431
 28425
 32380
 13657
 14612
 27937
 10923
 24230
 20447
  7147
 17168
 11381
  4530
  1000
 29937
   647
 20641
 30450
 12951
  4752
  7642
  3720
  2129
 27953
 26319
 25702
 17083
  7973
 28056
 14680
 19007
 11967
  8338
 32337
 22493
  3476
  5453
 29623
 26408
 21109
 10917
 21250
  2449
 20384
  5678
 13957
 32488
 22838
 24790
 13195
 14112
 20464
  5829
 23206
  8531
 17422
 11912
  4676
 27653
 17553
 27503
 32643
  6829
 11946
 16179
 28999
  5234
  4466
 28380
   393
  4146
 31195
 32482
 24818
   456
 15079
 10899
   168
 27791
  1560
 27316
  3688
 16162
 26663
 20331
 30421
  7270
 32249
 12637
 25103
 13771
 30158
 32275
 24200
  6862
 12476
  9122
 11795
  8643
  6236
 24459
 26942
 19921
 31939
 29920
 27874
 22078
  3763
  3496
 17912
 13036
 18963
 19333
  4014
 21028
 25757
 19348
 30651
 23443
  5335
  8597
 23791
  9362
 17732
  3660
 15374
 14763
  2011
 29990
 24286
  8536
 23992
 21792
   383
 15373
 10002
 18661
 25083
 25977
 20333
 21046
 28190
 15114
  2576
 29839
   904
 11183
 12986
 25352
 30208
 13537
  9873
 17785
 20491
 28900
 10587
 22753
   445
 23114
 10992
 28425
 29136
 26810
   239
  4452
  9459
 27375
 26801
 19258
 28516
 16899
 25979
 24325
 25793
 25070
 20216
 27420
 31260
 15178
  9190
 16782
  3661
 29273
 29967
 30545
 19596
  1864
 31867
 28316
  7487
 21429
 13540
 24721
  6416
   368
  1386
 10783
 12867
 24190
 21896
 24615
  2118
 12900
  7495
 28381
  6538
 30882
 17841
 18546
 18322
  9341
 28041
 26352
 24906
 20993
 26169
  9573
 10137
  2119
 32012
 13379
    57
 28916
 25757
 11527
 19143
 10498
 21136
  2329
  3094
  3779
  9599
 32755
 25545
 12578
 10039
  4230
    33
 17453
 16165
 14809
  1043
 16080
 10507
  9972
  5022
  1507
  1015
 20988
 31323
 18536
 19830
 25247
  8278
 28941
  7429
 19379
 16668
 20729
 13256
 27673
  6421
 26564
 13439
 14056
 32020
 27847
  6069
  9927
  4141
 32151
 12346
   155
  3015
  5580
 21460
 10595
 19953
 13319
 31794
  4959
  8698
 20531
 29729
  1656
 30523
  1802
 25859
 18396
 31288
  7899
 22652
 25833
 17384
 18827
   622
  9548
  4944
 18395
 26408
 26730
 17751
 20968
 12762
 29183
 32469
 26872
 20300
 27140
 15597
 30323
  8400
  5079
 16285
 23600
 23414
   150
   659
 23026
 26494
 16587
 14402
 27699
 21523
 22863
 31542
  2080
 13110
 32616
 10660
 22756
 29176
 24629
  8006
 25129
   236
 30540
 16741
 11228
 24796
 14497
  4408
 23345
 26555
  4522
 14444
 23784
 20955
  1472
 17412
  1230
 29536
 27081
   355
 18054
  7669
   788
 12711
 27529
  3773
  3460
  1849
 27244
 30860
 27889
  8610
 17250
 32344
  3531
 31649
  1537
 12778
 14592
 32634
 25673
 27353
 24352
 13712
 30434
  2489
  7872
 16694
  5797
 31632
  2588
  8131
 28510
  4489
 28672
 24036
 12240
   237
 11240
 14135
 31482
  8014
 16742
 21525
 32409
 12038
 18116
  6575
 21230
 20448
 25322
 16476
  1985
 26644
 25219
  9265
   678
  6521
 10332
   979
  4735
  5878
 32012
  8585
 23618
 28217
   474
 31381
  1277
  6572
 19163
  2245
 15639
 28325
 25691
 16965
  4312
 15326
 18302
 19383
  8747
 11300
   551
  4229
 12195
 16723
  5657
 13686
  3261
 31617
 21341
  6528
 28517
   122
 12771
 22750
 14011
 22381
 28268
  1634
  3862
  3300
 28326
  3851
  5961
 21241
 12441
 31706
 27430
 29127
 18755
  1506
 14145
  7200
 13951
 12447
 14839
 31870
  2092
 24200
 21934
  3643
  9354
  5095
  6237
  5892
 11239
 23529
 23632
 21643
 16252
  1009
 26149
 12924
 12178
  8498
  9243
  7347
 21737
  5245
 29324
 16812
  6489
    87
  2487
 22842
 29626
 25935
 30915
 17276
 23298
 22671
 20993
  5133
 29869
  2224
 27762
 23932
   610
  1235
 24201
 20732
 21203
 31213
  5681
  1628
 14821
 23138
 12818
    57
 21521
  9174
    16
 16498
  6409
 14143
 17685
   220
   415
 30527
 12817
 25655
 17635
  8370
 10815
 13153
 28812
  4483
 16041
 31434
 24730
 29123
   750
  7208
 23097
 29436
  8003
 10348
 19943
  6594
 17336
  5620
  1241
 17804
 24765
  9986
 15771
 27330
 18660
  5229
 31736
 13079
  8168
 20630
  4121
 30745
 15087
 30366
  6385
 19462
 22028
 14806
  1496
  1250
 17160
 26999
 23413
 32198
 30050
 23700
 16354
   635
  3988
 23116
  4619
  6472
 21912
 21060
  4183
  7943
 10411
 31061
 21131
 27006
 28753
  7809
  6891
 25581
  5273
 19500
 17058
 23012
 28066
  2440
 17763
 25687
 19550
 20562
 12369
 11508
   150
  2748
 30748
 31668
    46
 11690
 31341
 17073
  5035
 17184
 11909
  7223
 11250
 30971
 18721
 28445
 17746
  2016
 22432
 11606
 31685
  1651
  5735
 24771
 13427
 31945
  1669
 31307
   120
 19487
  1683
  5934
  7399
 16076
 29406
 12438
 13327
 21620
  4297
 26992
 17405
  7807
 18796
 28281
 20034
 16585
 30593
  7324
 13558
 27291
 19585
 24955
 26876
 23515
  4362
  2636
 19848
 19071
 17540
 29926
 29919
 15431
 24580
 22299
  6750
 10412
 16496
  4169
 32190
 30484
 31717
 14636
   918
 11591
  9813
 26102
 16161
 25126
 18805
 20130
 18754
 18587
  5078
 20869
  2245
 26316
   849
  1062
 20456
 19860
  3753
 17999
 29466
 25651
  4716
  2916
 15618
  7236
  1306
 19956
 25539
  8688
 13961
 24974
 25471
 23650
  7816
  5846
 25114
 21114
 32451
 26071
    64
 18374
 23527
  4763
 15273
  9646
  4614
 32761
 18075
  1262
  2108
  9391
 30897
 27466
 18323
 22193
 15580
  4476
 31012
 24768
  8359
 17778
  3967
  5693
 26815
 15542
  8013
 22848
 20146
 27438
 11060
 18149
 19447
 12805
 26363
 32230
  5679
 31465
 13807
 13167
 12458
  4983
 26757
  2605
 14125
 23795
 32064
 24489
 17906
  9277
 26837
   980
  8945
 13824
 10638
  3810
  3166
   813
 10732
 18780
 20595
 27048
 13968
 23153
  4719
 30017
  2907
 12430
 24799
 11493
 15317
 22574
   284
 16405
 31435
 13554
  5141
 10392
  1341
 20724
 30798
  5229
 13431
 13913
  3369
 11268
 31613
  1829
 15205
  2222
 21420
 18259
 26340
 28497
 23711
  3366
 11697
  9056
 13136
  3002
  6209
 26122
 17535
 11230
  7929
 30130
  7768
 10022
 10481
  8608
  1360
 22843
 26616
 17910
 20560
 15222
 13784
 17381
 20501
 16045
 22235
 18976
 17879
 30541
 17805
   401
 11560
 20393
 27588
 29260
 23840
 13458
 27870
 13505
 17591
 28712
 25930
 17205
 18034
  9967
 17226
 32627
 30530
 11046
  7414
 16574
 17577
  6740
 10117
 32267
 17950
 31011
 13256
 26733
 15795
 16753
 21495
  2513
  3061
  5797
  3760
 15339
  6931
  5183
 17213
  2928
  1347
 27316
  8982
 23430
 31330
 15992
 25766
 23929
 10458
 32092
  4946
 12463
 11721
  7706
  8376
 16094
 20576
 32302
  6964
 10364
  3209
 20968
 11689
 21879
 12492
 23232
 19582
 32295
  4979
 22505
 13286
 16513
  8940
 25897
  7013
  5517
 21872
 15335
 17040
 15130
 15330
  2694
 15124
 26032
 15354
 22001
  5113
 20166
 13730
  6519
 18984
 29493
  6048
  6362
  8747
  5613
 10102
  6306
 20277
 23270
   134
 28855
  2914
  3674
  3706
 11567
  1343
 27698
  1763
 12645
 18061
 31678
  9760
  4427
 30786
 21416
 13186
  5377
 10193
 23083
  4270
  6822
 29099
 21888
 22594
 19054
 13574
 24729
 20411
 20724
 13533
  6162
 12438
  5074
 19000
  4965
  3253
  5232
  2989
 32349
 20997
 29977
  3623
 26317
 12638
 21588
  8934
  4737
 27818
 29297
 14023
 29045
 20554
 21858
 14022
    69
 23477
 24268
  7617
 12005
 23906
  2142
  3967
  8082
  1513
 14946
  9456
 21000
 13925
 28817
 19894
  3830
  3612
  8492
 27365
 10159
 31586
  6728
  1799
 24098
 21434
 18794
 20324
  2316
 14143
  8531
 12928
 18540
 17218
  4637
 18404
 24120
 22581
 18311
 25889
 32590
 30407
  8590
  1043
 12461
 30801
  6973
 24163
  1253
  9841
  5061
 25167
 19916
 30196
 11728
 25774
  5747
 26874
 14611
 13358
 31064
 23636
 23074
 29153
  9949
 17457
 25737
 21240
 12281
  7162
  6936
 12238
 26926
  3450
 19070
  1064
 31163
  4930
 29210
 17595
 27410
  6732
 28429
 11758
 19596
 26334
 23956
 28642
 16220
 16561
  9365
 23471
 32450
 10835
 24439
 30193
 14465
 10186
  6711
  4740
 18834
 22650
  5048
 23947
 13082
 26697
 31323
 30135
 23450
  7168
 22224
 31686
 28773
 31988
  6444
 15177
 31576
 26599
 31803
 20651
   197
   809
 13079
 28783
 14768
 24578
  5369
 13241
 15934
 19285
 15184
  3600
 13418
  4477
 17936
 20578
 22266
 14715
 14925
 23880
 26801
 31571
 12040
 29324
 26567
 30131
 15433
 11241
  5526
 26326
 24686
  8977
  9878
 27816
 20418
 20725
 11915
  4139
 25169
  5184
  7421
  8217
  5115
   292
 24041
  7883
 19144
 24154
 29366
 18265
 22395
 29540
  5994
 28163
 25706
  3094
 18462
 16335
 18060
 21844
 15024
  9588
 25812
 30493
  8375
 19831
 10685
  4041
 17852
  8596
 13095
 29838
 23975
 11103
 13409
 23369
  6007
 11307
 16007
 20859
 18486
 27691
 25358
  9362
 16940
  1239
 25757
  8043
 11348
 10897
 27166
 16660
 28172
 14729
 26646
 20694
   784
  2526
 13361
 29555
 19369
 20230
 30498
  9644
 11554
  1647
 28841
 16390
  5756
 14694
 16885
 26574
 15715
  5689
 12845
  4443
 10080
  9368
  8522
 30611
 21327
  6465
  7463
 11441
  5908
  3293
 19675
 10309
  1418
  6692
  9798
 30331
 28860
 10056
  8682
 27809
 23640
 24209
 24828
  1764
 29792
  6724
 31163
 21338
 23587
 18378
 24065
  3654
 26988
  1550
  4120
 21399
  8185
   807
  6606
  2481
   302
 23863
 31180
 26992
  1035
  2707
 31523
 18282
 18780
  3364
 11048
   629
 24623
 29965
 24962
 15210
 11915
 30349
  3713
 14888
 21087
  5927
 17330
  9179
  3769
 13825
 10928
 26238
  6456
 29579
 24124
 32158
 23492
 15456
 22928
 29793
 32380
 31601
 29169
 18632
 19952
 14176
  3716
  5169
 20881
  7978
  4706
  7456
  9830
 18953
 11502
 13886
 29184
 11929
  1127
  3746
   431
  5433
 28345
 22352
 27126
  2484
 11417
 25087
 14909
  4129
 23248
  7456
  6342
  8455
  3543
  4379
 23266
 12485
 19365
 17116
 28005
 17969
 22469
  8078
  8535
 25728
  1451
 21926
 12524
 19558
  1352
 16164
  4278
 22653
 24028
 16661
 24858
 30955
  2828
 17501
  5121
  4672
 28724
 11187
  6863
 17309
  5630
 27373
 12441
 22555
 26164
  9086
  5267
 26474
 22994
 27197
 18631
 27065
 19808
  6760
 10509
 17110
 28542
 23016
 28215
  2199
 32193
 13014
 29068
  2168
 17341
 26175
 17528
 20613
  4195
 23588
 28801
 16251
  5518
 21701
 29565
 24618
 26072
 16160
 19458
  5149
  1202
 22708
 10783
 20861
 15540
 31370
  6217
 30771
 12337
 14198
 12440
   589
 22543
 12187
 12852
  5027
 25813
 15661
  2826
 11450
 13830
 24187
 10691
  1256
 23470
   300
 11254
 20409
 22074
  4808
 15516
 29074
  2188
 31355
 14021
 26516
  4175
 24598
 24714
 26307
 30856
 25687
 21059
 30312
 31342
 11882
 24058
  2484
 16508
 29359
  2847
 23717
 24516
 22206
 31356
  6190
 31622
 22185
 18028
   402
 18177
  3969
 13128
 14609
 22921
  4891
 17443
 19398
  2266
 10515
  1975
  7376
 15788
  8466
 12702
 27056
 30344
  6733
 21446
 28146
 27865
 25678
 19487
 27152
  4166
 23799
 14998
  4499
 19519
 28612
  4935
  9339
 19414
  6736
  8430
 14305
 12241
  6683
  2975
 29147
 27389
 10122
 14264
 15520
 14533
 25135
  4371
 13548
 25090
 21067
  5760
 22438
 17429
  9105
 14706
 12993
 20020
 32045
 26104
  7520
 26881
  6917
 18159
 15165
 31841
  3135
  6775
 20299
  1931
 15107
 10915
  8602
 32607
  8578
 15989
 31867
 26362
 20535
  5897
  1254
 22151
 10604
 19728
 29208
 25687
 30209
  8832
 26752
  9269
 14185
  7306
 31708
 12531
 23285
 31181
  7328
 29769
 12885
 22729
 29847
  8416
 21852
  8854
 30412
  4777
 20739
  3541
  9899
  2419
 18353
 19944
 23140
 29117
 26297
 16990
 31888
 12232
 21796
 15025
  4375
  8433
 32690
  8756
   337
 18238
 26139
 10311
 29547
 21303
 19866
 14541
 12557
 32759
 31916
 22752
 24889
 30082
 25622
 15299
  6519
  9561
 22821
  9239
  2607
 21836
 17721
 25938
 19030
 19600
 28293
  6510
  1612
 22289
 15888
 24286
  5637
  4873
  9983
 12998
 15976
 15570
  4887
 15211
  8692
 27897
 30846
  5865
  9385
 31891
 31937
   548
 18214
   980
 18715
 27648
 15631
  9949
 29685
 18645
 17073
  9430
  9129
 14877
 30185
 23869
 20107
 24176
 13889
 16253
 15402
 23987
 20573
 22723
 11219
  1420
 30870
 29709
 17495
  2584
 22756
   132
 12558
 16097
 13825
 12811
  4124
 23562
 28619
  4120
  5619
  9165
 24811
 26306
  2586
 31784
 25012
 19996
   300
 20690
 29261
 15298
 30755
 20852
 20499
 21169
 13526
 24598
 31289
 25948
  4033
 17367
 27057
 24060
  2821
 29666
    80
   295
 23215
  3741
 29485
 16036
 16957
 20772
 13386
  1150
 27487
  8949
  8054
 18519
  6650
  2541
 28273
 15103
 24946
  6771
 14418
 23109
 16169
 14323
    38
 21773
 15939
 14734
  5850
 30115
  2221
 18191
 21595
  1615
  2397
   545
 27643
 25642
   987
 20416
 24599
 13359
 17664
 21998
 22774
 28309
 20733
   423
 25333
 13405
 12960
 10518
 22497
  8999
 20435
  7689
 30629
  6985
 26470
 17571
 29733
 11298
  7182
   592
 29801
  6828
 12461
  6398
 21246
 13905
 22995
 17035
  7065
 28672
 18565
  8313
  3070
 26495
 21054
 21481
  7200
 25347
 23092
 20935
 20874
 25854
 24540
 18242
 25085
 21560
 22192
  8831
 26971
 27169
 11056
  5006
 14019
 23398
  6439
  6557
 29950
 28354
 14127
 28779
 12826
 30231
 23415
 29184
  2644
 23997
 15812
 16540
 31292
 17945
 31414
 19693
  7187
 23410
 23629
  3204
 21624
 24577
  2987
 29834
 12868
  7239
  4124
  3247
  1458
 10660
 16211
 11876
 29379
 19236
   759
 17482
   736
 18588
  5982
  7658
 31169
 32758
 10136
 11174
 29071
  8393
 27311
 14063
   581
 17965
  9773
 27321
 30812
 25293
 14815
 16428
 24231
 13117
  6361
  9117
 24444
 10894
 21434
 26044
 16660
  3360
  6193
 19727
   308
 11704
 18880
 23455
 21517
   210
  6080
  7409
  2658
 31289
 13478
  4151
  8936
 26836
  4740
   712
  2802
 17603
 18643
 28366
 21069
  9131
  1903
 12862
 22121
 18253
 15075
 12814
 10426
 31326
 17895
 15778
 13406
 12178
 29735
 18055
 26368
  5883
  2630
 16483
 24828
  7569
  5923
 15660
 28868
  2834
 27227
  6553
 23938
 12812
 21519
 19926
 17663
 26167
  4583
 13948
  4291
 11529
  3414
 27072
 18046
 23685
 20256
 27883
 14246
  7252
 19482
 24074
 21602
 32022
 28465
 26086
  9639
  6650
  1198
  1590
 12960
 30860
 27321
  6164
 21844
  6863
 11035
  3758
 17027
 30604
 25160
 21054
 18640
 19689
  6044
 18236
  2854
   317
 27365
 21969
 14932
  1571
 15138
  1424
  4602
 29134
 10890
   353
  7337
 17052
  9168
  6077
   838
   237
 17574
  2849
 27567
 13109
 20864
 18108
 10913
 22608
  5786
 19307
 19674
 23574
 23100
 26856
 15226
 14896
 17469
  5951
 32687
 17194
 24262
  1153
 27025
 14280
  5208
 10939
  7755
 11934
 20240
   553
 20860
 30683
  7466
  9128
 11741
 29542
 32453
 28522
 12579
  3372
 16613
  3053
 32551
 21432
  2494
 20782
 28740
 23812
 31280
 29722
 24320
 28046
  2190
  1605
 30959
  5551
 30883
  7646
  5845
 14632
  5367
 14819
 24587
 13566
  3406
 13969
 15652
  6025
  7794
 26143
 24015
  7879
 26418
  8619
 22015
 28918
  3755
 26229
  5706
 17249
  8134
 21323
 17295
 25466
 15874
  6724
 12764
 22057
  6004
 15025
  1679
   356
 14348
  5969
 17851
  5120
  8729
 15556
 20173
  8134
 20495
 27714
  3183
  6602
   904
 16013
 23468
 13560
  1418
 29476
 28245
 19184
 15368
 16314
 11428
 18196
 14507
 13286
 23072
 18398
  9426
  1308
   448
 27256
 11991
 22236
 27987
 29830
 23700
 21289
 11295
 20550
 26405
 10045
 27849
  3804
  1008
 14459
 11893
 25831
 16099
  9637
  3373
 21848
 18941
 26703
 11655
 32388
 26128
 10900
  2946
 15736
 18629
  9479
 12466
  7052
  9184
  6380
  5533
 14907
 12741
 15017
 12900
 12593
 27451
  8311
   678
  4774
 19057
  2397
   161
  2539
 16191
  4191
 23450
 18498
 14509
  8179
 28031
 13299
 26553
 14772
 13260
  3484
  8021
 26202
 20395
 32713
 30128
 25066
 20831
 19652
  2742
 22570
 21218
  3759
  6106
 17752
  9677
 15823
 11539
 20251
  6265
 28971
 16164
 10682
  5732
  3414
 27425
 23948
 10198
 21897
  4911
   176
  5316
  4852
 14475
 14589
 12020
 18006
 14030
  6716
  1890
  6092
 17519
 13461
  4835
 30950
 23689
 26440
   520
 11520
 30174
 19358
 20549
 11216
 11037
 19486
 20050
  4667
 14432
 15363
 11218
  5485
 29177
   750
 17459
 11304
  6254
 12505
 13013
 25180
 11714
  3660
 29294
  2809
 12278
 31955
  2989
 17409
 23760
 15279
  5917
   225
 25307
 25804
  5709
  3841
  9135
 13811
 26670
 18586
 27506
 31297
 23740
 27080
 16799
 10200
 11232
 15328
 14086
  1492
 21397
  2819
 21781
 28289
  8523
  6643
  4693
   459
 27272
  2086
 28727
 23541
 14549
 24089
  9745
  9358
 27864
 13287
 32100
  2465
  7358
  9754
 17248
 31533
 12764
  3265
 29610
 15060
  2453
 10435
    92
  5079
  7550
 15218
 23374
 20290
 30400
 15459
  9364
 14436
 28862
  8574
  8775
 17794
  3832
 27985
 25993
 14541
 27183
 30633
 16579
 19856
 30923
  9316
 29489
 17838
 13945
 31873
 11681
 27468
 28440
 23929
 21623
 23243
 12502
 13010
  8949
 10489
 10646
 28145
  5049
 14728
 29590
 12336
 12935
 22975
  5454
 23344
 15177
 29551
 14491
 31601
 10836
 27689
 23836
 16671
  8685
  1198
  2524
 31535
 18700
 19623
 16946
 18603
  1888
 32406
 16870
 29770
 17042
 22541
 17557
 11844
   206
 16926
 23639
  6244
  5248
 24082
  7070
 22623
 13659
 19037
  5730
  9316
 10912
 13266
 32379
 32244
 27293
  1812
 24398
  3828
 21364
 22093
 15531
 23809
 24861
 18210
  6390
 18179
  1198
  7398
  9861
   261
   218
 13069
 10314
   580
 28600
 31716
 17842
  6533
 21958
 22400
 21964
  7084
 26158
 22260
 26030
 24715
 23624
 16328
 32277
   504
  3679
 25510
 27723
  4386
  7608
  8277
  4686
 13861
 26576
  7148
   558
 28123
  7398
  4415
 26807
 23029
  8121
 16542
  2896
 22347
  4755
 22719
 23843
 20081
 13702
 27640
 28542
 29323
 31222
 17841
 16761
 25186
 28504
 13338
 13018
 24503
 27960
  6681
  7733
  4311
  7809
 23943
 24152
   111
 20985
  1435
 17126
 20386
 13323
  7590
 14401
 20057
 21961
 12289
  9901
 28122
  9521
 27972
 19635
 16797
 15023
 21433
  6340
   602
  8164
 27409
 17951
 18279
 29606
 26709
 16629
 27201
  3912
 19999
  5578
 18537
  4379
 23817
 28702
 22385
 28724
 26726
 27725
 16214
 32112
 25392
 16564
 28432
 30134
 14658
   533
 24424
  2428
 18631
  1852
 30730
 32141
  4083
 12259
 19163
 18697
 25329
  4820
  6540
 21677
 15900
 22349
 22896
 16212
  2161
 15784
 10634
 19390
 23108
  6971
 28395
 23441
  7219
 19838
  2875
  7069
  4697
 26731
 24981
 17764
 10180
  9259
  7576
  6618
  3624
 19950
 28858
 31081
  1492
 16411
 14816
 15672
 25062
  9641
 19244
 13741
  7355
  3276
 16918
 29233
  4266
  3285
  9663
 13875
 10482
   851
 16257
 16239
  7920
 11391
 25035
 16752
  6038
  6871
  4396
 14931
 13592
 21000
 17325
  1231
 28904
  2321
 10852
 19314
 20965
 22438
 14662
 16685
 21200
 21202
 24893
 17171
  3327
 23777
 12411
 18270
 31573
 11389
 19725
 15795
 26993
 20247
 32179
 17575
 25382
 10889
 13551
 22657
 14379
 16889
 21084
 24385
 26644
 16896
  3649
 13794
  2689
  6155
 17254
  8925
  1942
  6402
  2854
 20974
 13483
 31528
 24518
 15642
 10564
 10051
 14597
  9969
 24643
  9468
 22260
  2577
 31068
  9864
 12040
  8683
 11978
 30600
 12142
 28874
 21312
 21294
 19614
 26385
 27683
 26018
  3379
  4035
 15350
 31908
  2042
 26185
 20758
 11122
  2121
 14704
 27815
 26092
 19602
 16306
 21966
 22262
  4919
 16566
 27936
 30238
 27040
 30746
  5211
  8319
 29068
  5487
 15956
 14564
  4260
 32133
 15153
  4913
 15958
 12521
  5336
 12031
 25568
 31661
  4008
  1415
   683
 21095
  9062
 28353
  5339
   124
   122
 25037
 23588
  2975
 30043
  5265
  4831
 28820
 18504
 16036
 13149
  7482
 22841
   874
 18811
 19400
  8213
 18305
   630
  9047
 23333
 30044
 28417
 16801
   457
 29998
 11157
  4616
 20329
 23562
 25353
  5594
 31407
  5704
 24418
   467
 27891
  4394
  7404
 21731
  3575
 10176
  5002
 19506
 30677
 22280
 10826
 22626
 10037
 32090
  2364
 30740
 31683
 10499
 15749
  7085
  7393
 14897
 25519
 30298
  5784
 23567
 19523
 24657
 17109
  6448
 20122
 11866
 21202
  3889
 15856
  8846
  3282
  1434
 13498
 23135
  4625
 27654
 10809
 24025
 16635
   900
  1616
 13352
  1948
 14140
 10131
  8537
 14936
 26710
  4000
 29029
 17116
 12567
 10674
 29803
 15188
 25421
 24435
  4157
 18910
 17902
 28690
  2846
 20543
 22012
 15766
 29642
 17366
  3755
  1138
 19127
 16846
 31942
 12633
 20635
 13207
  8527
 18771
  7726
  6038
 26470
  6161
 26929
 16923
 12651
  6269
  6831
 10900
 16743
 19350
  6787
  6401
   168
 29051
 29722
 18344
 27308
 22725
 14458
 19722
  8001
 14362
 16771
 25109
 24553
 17920
 14965
 22683
 31875
   750
  4531
 22019
 29480
 27049
 14279
  9791
 18260
 31182
 20389
 15102
 21574
 20650
 13364
 11042
  7849
 17490
 30474
 18036
 26995
 13552
 15479
  4502
  4622
  2140
  6342
 15930
 30646
  1004
 21183
 29586
 29218
 30860
 12145
 31495
  7014
 29969
 11054
  9518
 28952
 29386
 17366
 31480
  4273
 12376
 14425
  3881
  4919
 11968
 24951
  1035
 19481
  1215
  1994
  6499
 28507
 31838
 23303
 22180
 25330
 11973
 28289
  9571
 16242
  4692
 24302
 28683
 17382
 12016
  1390
  6354
 16639
 27803
 23497
 23787
 16242
 12360
 30200
 30717
 26011
 15085
 13544
  7125
 24678
 32473
  5754
  4184
 21359
 24392
 18126
  4027
  5224
  3637
 22209
 13046
 13756
 31855
 15284
   629
  9329
  4079
 31888
 32529
 23891
  5225
 12294
 14144
 32079
  6689
 12316
 15496
 12573
 14080
  9957
  3386
 18466
 24039
 22671
 18012
 28308
 16451
 20132
 12775
 21215
 28130
 18569
  1331
 14919
  9989
  5451
 25519
 18639
  5302
 15002
 31189
    90
 23387
  3350
 17501
 15121
 15244
  7626
 22449
  9476
 13602
  8438
 15266
 30996
 24720
 12818
 12121
  1296
 29303
  6415
 27024
 14622
  7540
 29920
 10498
 18013
 17981
 28473
 10527
  4296
 15852
 23959
 20229
 30814
 30362
 29568
  8876
 15744
 26160
 27148
 26720
  1178
  2938
 16548
 28277
 15621
 18813
 31498
 25398
 28460
  3339
   153
 18206
 13806
 28820
   207
 20299
 26436
 21055
   264
 19503
 12324
  4153
 30604
 26761
 10149
 24397
  6092
 21651
  7523
 28598
 13289
 12669
 10021
 21553
 22390
 20763
 12733
 24406
 32639
  7643
  6448
 27431
  5066
 16121
  3095
 16106
  1372
 19702
 15941
  1844
 13887
 10822
 11946
  5191
  3715
 21577
  1143
 21149
 25219
 16508
 18307
 12741
  3690
  6641
 30702
 28014
 27381
 29436
 18692
 27842
 32634
 16176
   868
 11253
  5417
 10633
 21089
 25629
  3986
  6891
   168
 25924
 11879
  1227
 26659
 22203
  7299
 17452
  6430
 20914
 28716
 12494
 31913
  2566
   149
 11426
 30269
 31066
 13479
 18304
 18594
 16489
 12033
 19228
 16911
 12954
 31550
 17207
 29588
 16342
  8310
 22034
 30645
 12438
 15623
   296
  3160
 26688
  3989
  3612
   993
  8627
  4431
 21489
 20891
 23072
  1396
  6265
 13658
 24093
  8726
  9744
 19038
 11508
 13855
 27018
 32123
  9793
 28817
 11369
 11895
 13756
 11538
 16211
   180
 29011
 27047
 10436
  7950
 23932
 18880
 11265
 30471
 19401
 19061
 15437
 12066
  1980
  3087
 12382
 23692
 17886
 21706
 18962
 15361
  2315
 12505
 26207
 29166
 29200
 21419
 27016
  5587
 11640
  7789
 15255
  3308
 29602
 28624
 26887
 30736
 20247
  8460
 15297
 14553
  7451
 21541
 24650
 20997
 31874
 30572
 27450
 10012
  7877
  8778
 21232
 24403
 12117
 12089
 12676
 28593
 17711
 14099
 25341
  4208
  4785
 20879
 21444
  8614
 18348
 16136
  4953
 17189
 22970
 24449
 32581
  9119
  9938
  6887
  6736
 19214
  9753
  7829
 25587
 25682
  6907
  5150
 17424
 18972
 32379
 13638
 24289
 23308
  4807
 24913
 25903
 22806
 21776
  6017
 13508
 22570
 16792
 31450
 23842
    20
  7693
 17192
 23669
  9633
 15893
 16195
 10439
 32515
 30250
 19602
 22899
 30582
 12456
 26574
  1244
 26148
 22820
 15112
  9822
 11334
  4608
 19694
  8325
 32397
 26684
 13642
 12157
 24000
 31119
 31435
 24522
   678
 16567
 32264
 23865
 16678
 31757
  5570
 11799
  9901
 25180
 16489
 11936
 22480
  6643
  3810
 24762
 28979
  9721
 11400
 25572
 28585
 15873
 10353
 10601
 25500
 17374
 25586
 14553
 29616
 19385
 19045
  6329
 29347
 27233
 13865
 12154
  3192
 15841
  9963
 12456
 20180
 25688
 11556
 27236
  4264
 21765
 12003
  1812
 32016
 20386
 27085
  5977
 17787
 22003
 22114
 30786
 16141
 25502
 20610
 27071
 28481
 22589
 10543
 26968
 19411
 18354
  1428
  9502
 12765
  9402
 12102
  6882
 22592
 31174
 14795
 14246
 16709
  9222
  8537
  2897
 28548
 17606
 18143
 25767
 25093
 23805
 27978
 26999
  7078
 18211
  7169
 32534
 14780
   836
  2737
  5901
 24061
  2387
 31312
 13327
 28574
  5568
  8028
 15150
 30648
  9292
   356
 25934
  7408
  3357
 29642
 25817
   599
 30733
  3015
  5044
  3471
  6728
 14255
 15730
 22576
 29206
 23415
 22984
 20585
 29941
  5748
 19265
 19691
 25579
  5733
 30259
  6146
 14874
  7092
 17394
 13829
 27029
  4857
 26179
 27377
 23154
 26560
 28436
 17233
 24609
 29836
  4202
  9313
  6396
 13340
  6298
 10098
 27678
  6124
 32444
 17552
  6521
 10239
  4957
  4195
  4131
 20444
 10612
  4435
 32497
 31959
 19351
 28655
 21319
 29073
 20847
  1680
  6702
 29378
 26986
  5177
 30631
 12598
 27311
  5826
 10304
  5398
   855
  4150
 16612
 20073
  5850
 15225
  8439
 20186
 24775
 29742
 19107
  4284
 12217
 21975
  5484
 20299
 19590
 22078
 28427
  5173
 25017
 24341
  7801
 15961
 30531
 10969
 15690
 26062
 22125
 26876
 23356
 16679
 27153
 27970
    16
 28661
 28426
 28268
 32664
 20110
  2281
  6164
 21522
 14093
  3817
 29656
 29364
 21402
  9510
 28090
 20104
 26092
 30217
 30663
 32122
 10251
  8199
  4343
 13232
 10843
 11147
 13141
  2329
 21206
  7472
 27999
 15689
 24985
 30772
 10928
 28036
  7842
 17706
 28636
 28952
  5336
 28910
  3484
 20464
 32331
  6110
  3883
  1895
 17854
  4423
 26607
  4442
 16739
 20254
  9308
 24961
  2789
 26097
  8726
 19711
  6315
 20764
  4949
  4151
 31836
 18240
 20878
 26338
 27294
 13041
 17232
 27230
 28708
  9135
 22892
 10825
 30695
 19224
 26456
 13135
  1715
 23131
 23253
 30784
 20454
 21488
  5840
 20838
  1909
  9607
 30086
  1557
  5423
  7742
 13804
  5251
  3398
  5398
 22606
 11226
  4619
 21416
 11830
  3212
   761
  6420
  8591
 17127
  7413
 18747
 30474
 28649
 28628
  7214
  4033
  5205
 19742
 25061
 28187
  4614
  5137
 11829
   495
 22404
 32489
   252
 32748
 27093
 21855
 16031
 18488
 16534
 10352
  3254
  8279
 10314
 31583
 26373
 17487
  7921
 32253
   175
  4873
 24285
 15400
 17830
 23035
  3009
 26258
  4198
  1028
 13835
  6340
 26595
 12183
 10355
 16482
 22975
 28700
 13268
  2480
 17601
 16019
 27963
 30037
 10115
 23931
  4670
 31583
 18282
 13298
  1936
 24456
 17371
 25629
  9682
  6839
 27052
  8394
 18603
 32202
 23257
  1620
 21530
 29075
 24185
 31431
  9227
 30752
 27888
 22853
  6697
 21312
 19557
 27817
 15860
 29762
 20855
 32105
  8979
  6400
  6187
 30401
  2539
 14877
 18729
 26382
 28272
 11914
 16169
 24440
 31035
 10319
  8360
 30419
  1758
 28296
 16863
 29639
 14708
 30893
 25333
 25135
 18556
 20247
  7796
  6080
   743
 21696
  7162
 27627
 14191
 24139
 23345
  9988
 30507
 14916
 11008
 27811
 26208
  3752
  8451
  9547
  3995
 12200
  9529
 11081
 27900
 21418
 26109
 16095
  7125
 18577
 18488
  1442
 28276
  3646
 10196
  6433
 20540
 31318
 31860
 26823
 12283
 18758
 13922
 29443
 25719
 16517
 26568
  6565
 16202
 17945
  3620
  5516
 16880
  4445
  4086
 19838
 10527
 22785
 17083
  5207
 16982
  8786
  3359
  4710
 16313
  5564
 31087
 24084
 32284
 31885
 19533
  1990
 29022
 19451
 29607
  7429
 11000
 24937
 25066
 26333
 11989
 21478
 10610
 26498
  2661
 32503
 27718
 23354
 25069
 10902
 29698
 16502
 26657
 29818
  1556
 11074
 29684
 24217
 18475
 26592
 10415
  9964
 18669
 12464
 25664
 19570
   233
 31572
 26581
 25975
 24524
  8464
 28330
 11030
 14807
 26231
 10015
 24061
 10640
  9796
 16910
 26736
 14776
  9094
  3163
 24977
 27518
 18176
 18125
 21982
 27890
 19407
 12316
 30971
  5052
  8013
 30027
  9394
 28686
 30774
 31799
 18744
  3031
 26889
 15473
 12977
 10810
 29105
  6729
 18423
  6974
 21605
 30763
  9879
 30663
 12749
 29231
 16413
 22981
 12390
 30699
 23698
 25771
 13095
 14476
  9794
 12835
 25445
  5413
  8899
 30463
  4596
  3398
 15666
 29811
 13199
 22993
 17856
  2434
 31865
 10761
  2669
 30903
 24421
 14060
 27924
 13845
 29588
  8387
  6824
 20816
  1597
 19191
 18365
 20542
 23345
 10790
  5706
  3464
 24767
 14454
  2221
 28581
 23253
  1065
  9711
  3081
 18793
  3186
 13130
  2713
  3607
 24711
  9960
 23907
  5388
 13560
 14318
  8332
  1314
 25407
 12217
 13961
 15180
  1944
 24679
 29842
  5429
 12563
 25754
 29524
 20260
 22503
  3192
 22503
 31011
  3593
  7159
 10495
 18272
  7677
 15959
  1126
 16851
  3053
 21232
 18602
  5921
 11512
 30509
  1811
  5825
 18636
 29145
 20951
  5725
 31095
 25497
 14993
 18043
 15738
 24762
  5360
 14940
 28703
 22573
 20908
 10020
  7181
 27600
  1471
  7740
 23578
  7664
 29137
 18165
 15968
 30731
  7668
 23406
 23955
  3802
 23953
 27831
  9362
  1934
 20386
 12854
 28731
   603
 12066
 26698
   900
  3635
  1986
   559
   455
  2516
  8926
 13090
 25438
  5636
 16559
  4805
  6256
 32027
 29122
 24772
 19978
 13251
  9385
 11193
  2418
 22268
 15344
 24397
  3512
 19299
 16467
 32160
 16269
 25011
   813
  2028
 31576
  9356
 17716
 23141
  4487
 13171
 13668
 32611
 23843
 20251
 23609
 15810
 10408
 31458
 18209
 26249
 21779
 22431
  2097
  9675
 30524
  7067
 24087
 23243
 24422
 19421
  6224
 15203
 16149
  6827
  2971
 18087
 24864
  3917
 10925
 19141
 10246
 23316
  5926
   560
 18053
 32667
 16068
  3069
 26217
 10829
 22742
 17293
 12707
 26919
 22516
 15212
 29082
  7359
  9198
 24441
 14534
 19334
 12290
   583
 19066
 14922
 16722
 22980
 13569
 28159
 31125
 12056
 20973
 31422
 31244
 17872
  8364
 17422
 12983
 15932
 12124
  4707
 12746
 30485
  1504
  8676
  1883
 12899
 18228
  3697
  4445
   414
 31997
 16613
 17361
 15636
 16741
 16792
 16699
  2698
 15141
  5161
 22355
 14118
  8163
   122
 13310
 26765
 12479
 27899
 26236
 26952
 25897
 11820
   227
  5228
 14325
 28509
 28108
  9338
 19121
  6328
 20044
 27012
 21302
 22146
 29734
 10897
  1917
  9630
 19518
 13891
 31668
  2387
 19793
 26295
  9873
 20047
 16100
  7341
 32743
 32491
 27770
 30185
 28023
 27824
  6410
 17113
 29192
 29466
 18096
 32631
 21178
 22429
  9891
 21361
  9879
 27366
 17767
 23943
  1131
 20323
 18244
 20021
 17109
  2309
 18678
  5523
 32415
 14917
 14502
 10361
 23371
 12901
 15129
  8422
 12782
 12536
 28968
 15779
  8770
   676
 12656
  1315
 14838
 23335
  2634
  4014
  9800
  4248
  8190
 15551
  9174
  7151
 15155
 22442
  8369
   712
  7082
 28545
 17588
  3684
 25388
 26169
 21524
 29681
 11457
 31497
  8247
 21003
  9251
 21523
 31434
 10114
 12658
 19270
 24334
 10078
  3369
   643
 17778
  3616
 20561
   766
 21863
 23627
 21749
 27624
 26992
  6691
 31445
 29771
  6520
  2229
  9310
 17461
 16233
 25623
 32730
 26904
 10746
  6897
 28901
 26993
 29129
  7996
 11808
 15272
  9385
 13386
 26409
  9271
 15165
 24071
  1738
 16143
  3270
 21886
 25968
 14391
 13625
  9887
 32735
 30647
  8597
 23359
  1573
 17588
 13939
 22368
 22220
  9180
 17630
 19123
 14932
 29957
 16742
 23387
 29409
  5136
 29040
 28148
 29744
   276
   720
 11988
 22479
 21433
 16794
 16528
 24974
 32225
 24628
 13250
 10289
  8590
  1456
 11274
 13927
 32256
  5721
 22099
 14336
 14365
 27276
  5208
  1882
   534
 26570
   358
 12060
 26184
 12298
 13411
 13351
 14688
 23380
 25359
 15306
 30659
 28555
 19082
 25141
  4653
  2699
   279
 21809
 28055
 29300
  5407
  1806
  6751
    68
  7545
  3548
  1699
  6316
  7912
   734
 12269
 10012
 27365
 30267
  6166
 20257
 23455
 19191
   356
 18416
  4417
  3874
 13814
  5699
  5235
  9295
 24162
  6243
   547
 19528
 11164
  6278
  9349
 28160
 22554
 22876
  7512
  9929
 17461
 20709
  1388
 31687
 12755
  1413
  9569
 16293
 25411
 16730
 11185
   134
  8552
  4045
  1009
  4671
 27930
 14695
 13139
  2243
 24521
 12775
 24176
 14046
 32611
 11409
 23620
  1319
  2424
 19144
 31354
 13616
 31133
  6367
 22250
 25855
 20238
 19757
 29281
 26306
 21911
 32095
 24736
 16574
 30132
 15890
 14759
 27017
 20471
 24738
 12339
  5241
 10154
 17212
 29061
  8796
 24758
 26427
 12901
  2665
  5315
 16817
  3431
 20343
   929
 31299
  5741
 21869
 25318
  3131
 18285
 11002
 20697
 32216
 10868
  7046
 28303
  8680
 25835
  7528
 25940
  6041
  2074
 28761
 23373
 31885
 19178
    40
  7003
  1324
  4335
 24496
 29761
 28478
 25253
 28680
  4874
   697
 15098
  2041
 23717
  5335
 19981
 12213
  2771
 16748
 11574
 17605
  4163
 20087
 27718
  6724
  2042
 28151
 11280
 26955
 13305
 20992
 11816
  9644
 20250
 18189
 21994
  2787
 13884
 18584
 15038
 30025
 11423
 17384
 12187
 23435
 16273
 32043
 25546
 31835
  3403
 19140
   237
  5221
 29462
  6886
 27199
 12421
 26290
 30562
   285
 28727
 32503
 31677
  4806
 19535
 28605
 29062
 21343
 13802
 31994
  1766
  2618
  8612
 10538
 21369
 21335
 21259
  8948
  8028
  6699
 31828
 13834
  8328
 12705
  1613
 17233
  8798
 11615
  5267
  1090
 19330
 24650
  6661
  7568
 30189
  9292
  4472
 17674
 19774
 20309
 11949
 32452
 10065
 31135
  7040
 13681
 19219
 31031
  5473
 12820
  6549
 14009
 32520
 14040
 19807
 16218
 14949
 16699
 17414
 14380
 24278
 14194
  1537
  5790
  8093
  1289
   184
 16962
 30353
 27339
  9950
   980
 26387
  1505
 27393
 25975
 27972
 21054
 18527
 26689
 28022
 11322
 19964
 13050
 14304
  5500
 24561
  7713
 29845
 16670
  8967
 16688
  2999
 11020
 18052
 25890
 24039
 16045
  8261
    49
 24833
 20678
 20237
  7908
 29958
 28827
 22301
 24137
  1370
 21591
 27909
 23423
 18992
 25773
 25273
 15480
 15938
 11200
 27367
 13821
  7365
 11072
  9864
 13043
 31644
 24022
 12470
   220
 21964
 26563
  7357
  9633
  6704
 15044
  6772
 17038
  4718
 12600
 13518
 10398
 13865
 25732
 24236
   505
 15992
 17079
 16885
 13499
  3479
 10090
  1257
 25335
 16093
 31723
 31154
 11260
 29422
  8858
 27708
  4822
 11314
 12690
   583
 11800
 20358
 16524
 25019
  1241
  7473
 19969
  4411
 15613
 13849
 32655
 18172
 32438
   311
 16798
  6616
 12617
  1352
  2627
 18590
 29974
  2757
 17253
  2989
 32467
  6678
  8222
  9409
 14360
 10755
 24931
  8460
 18720
  4715
 19944
   393
 28622
  5944
 24894
 15757
 18414
  8082
 30270
 21407
 26814
 27987
 28843
 23689
 31660
 26811
 10771
 21679
 12386
 21606
  9718
  4000
 12800
 32122
 20779
  2539
   424
 15397
 20606
  3380
 23104
 22599
  8862
 23174
   371
  9835
  6455
 20203
 10745
 28924
 27995
 13882
 19225
   438
 29478
 16433
  4460
 24410
 12450
 19395
 19683
  5030
 23528
 31923
    11
  3460
  1160
 20322
 29840
 29570
 27691
  7910
 30977
 31362
 21111
 20827
 11218
  5298
 14387
  7806
 30631
  3263
 23980
  9336
  9424
 24902
    87
 16119
  9231
 29836
  7095
 21635
 30370
 25710
 12673
  3600
 22397
  7835
 23807
 11471
  2520
  1280
 13746
 29258
 28905
 13956
 17723
 20144
 21747
 20470
  5244
 18797
 31103
 14659
  5114
 22526
 26857
 21229
 25477
  5892
  6431
  6072
 15644
  6551
 19878
  1703
  1803
 17116
 23262
 26918
 20822
 24026
 11910
 18825
 16986
 26505
 16770
 11701
 14002
 16172
 22236
 27165
  6232
 12513
 11274
  8433
 12556
  3703
 32367
 16785
 31738
 19071
  2596
  7240
 14999
 18854
 26103
 24119
 20684
 24130
 24756
  2447
 11350
  8746
 17316
 15876
 15213
  8907
  7764
 25982
 13987
  4984
 32663
  6417
 16912
 31234
 16334
 21039
 10668
  2441
 16487
 15388
 15612
  8081
 17572
 14755
  3569
  5976
 18334
 29448
  5901
 26472
 29577
    61
  3271
 15720
  7737
   856
 24113
  3127
 28389
 18245
 10456
 16444
  4396
 14008
  9195
  3575
  6485
 16230
 18080
  3804
 32219
 30069
 11732
  8290
 18985
  2865
  1266
 14679
 28322
 28928
 30229
 10614
 20964
 12696
 25969
 30523
  1870
 24175
 31727
 20470
 20160
  8307
 17687
 15903
 16801
 16636
 25651
  6633
 20775
 16127
  9393
 26649
 31186
 17540
 27082
  6937
 20538
  4186
 16737
 27208
 19211
 10249
  7726
 13205
 28238
 26120
 32027
  6988
 15338
 14384
 31214
 24111
  3434
  8817
  5929
  2505
 15104
 22980
 15662
  3839
 13258
  2912
 13479
 25320
 27477
  9265
  8229
  8671
 16480
 11398
 14599
 26838
 16610
  3082
 21406
 22765
 28494
 18933
 28303
 31043
 27925
  7555
 20856
 27403
 11884
 25254
 32470
  9187
  6993
 18167
 32038
  8802
 16840
 17139
 15178
 20720
 32107
 13156
  5167
  2779
 14369
 10013
 13741
 30631
 10286
 13546
 28334
 12453
 12140
 28103
 10387
 25799
 16343
 16208
  4051
 28338
 26959
 23161
 12261
  4373
 29850
 29311
  1633
 19769
 12201
 26655
 20834
  2010
 20252
 13573
  7470
 28726
  2312
 11143
 21785
 23907
 19703
 24211
 23462
  5605
 15664
 17894
 28144
 13696
 19769
 29311
 22088
  9547
 10651
 26452
 12832
 23046
 19685
 27203
 20264
 19629
 26099
 24907
 25526
 24909
 29552
  4092
  9835
 12311
 14490
 18732
  2324
 25779
 28485
 26860
  6862
 10199
 23331
 10939
 21870
 18199
  8770
 12281
 23071
  3839
  3798
 19102
 24909
  2911
  7737
 24619
 25026
  8678
   304
 30945
 13071
 15090
 29040
 20273
 12078
 27815
    97
 29557
  5989
 23615
 17185
 22493
 16493
 18848
 32716
 22700
 18900
 31028
 16379
  5284
 25760
 28661
 27786
 10686
 27957
 13767
 22175
 10783
 23673
  4619
 20967
 23880
 21557
 30321
 17443
  8589
 19135
  3085
 19940
   456
  6614
  5806
 28818
 21326
 29901
  8811
 21939
 28706
  2540
 12158
  7018
 24937
 21267
 20566
 19006
  3614
 22944
 28135
 22557
 16903
 29075
  9797
 23713
  8424
 12272
 31089
 23186
 23030
  8293
 14450
 17067
 12174
 32301
 27304
  5025
 10023
 29748
  7518
 15201
 30086
 10364
 20894
  7577
 31537
  5823
 31817
 25467
 25893
 32342
 19559
 30910
 17867
 26457
 11195
 23013
 14889
   776
 11674
  6083
 28501
 27497
 24574
 13375
  7216
  1587
 13015
 15445
 17232
  3819
 27041
 17245
 20798
  3149
 19259
  9104
 27362
 13549
  1015
 10184
    59
  1822
 28142
   647
 30548
  6163
 13206
 13883
   883
 24132
   150
 21184
 31891
 31507
 13528
 11303
 19220
 18352
 19936
 28342
 15282
 10554
 31325
 13359
 20404
 28711
  3070
 32342
 23909
 18149
 15239
 15021
  5320
 29633
 29476
 13186
 15496
 29193
  4861
  4651
 15150
  9837
 25610
 22161
 16534
 12971
 11561
 26603
  9124
 11372
  7790
  8908
 18483
 15208
  1722
  2144
  8526
 25297
  1935
 29426
  9123
 31215
 15138
 29618
 15412
  6152
   178
 15798
  8016
 30594
 25369
 16958
   962
  5195
 19873
 25148
  7752
  2425
   792
 22804
 28999
 29230
  2855
 17568
 17596
 20927
  2527
 28279
 23158
 18197
 13717
 14959
 12931
  3923
 24304
 24160
 29672
  7096
 16192
 18219
 19861
 16072
   273
 20219
 25495
 13478
 14081
 10443
  7312
  2757
 13518
  9513
 25444
 10943
 32435
 13369
 12598
  3205
 17141
 18684
 29587
 21433
  4537
   466
  8940
 23640
 18200
 14910
  7498
 31388
 23413
 27114
  6461
 29217
  3598
 29931
 17685
 26694
  7634
 20805
 26197
 21974
  1139
  9650
  3429
 15336
 26555
 17823
 12679
  8195
 13603
 11896
 18700
  4998
  7074
 27173
 12744
 19015
 22467
 31445
 32195
  1147
  1530
 13306
 30769
 20438
 28472
  9364
 30373
 25587
   957
 30387
 19073
  7669
 30766
 26679
 26289
 24431
 14567
 16603
  3481
 21633
 10130
 26994
  6987
 25924
 22264
  2160
 16382
 22120
 14616
 18347
 16060
 23836
 29558
 10083
  1114
 10798
 19894
   640
 10925
 12404
 28265
 10268
 15355
 10858
 23079
 11841
 19120
  8988
 26846
 25076
 12626
  1607
  9577
 30834
  3767
 31675
 19301
 26041
 21110
  4611
 22336
 31818
 28059
 31816
 23698
 14894
 31647
 26483
  5809
 26423
 30615
 10898
 26496
 26760
 20907
 22141
 14471
 27991
 30922
 26809
 29257
 22770
 11420
  9628
 32209
  3584
 11192
 23986
  1167
 32522
  4632
  8800
 25186
 10298
 31689
 11719
 32246
 22114
 16359
   491
 31568
 24383
 22473
   789
 31911
 12032
 18041
  4470
 25974
 20226
  5223
 26124
 21455
 18910
 13150
 14026
 17394
  4261
 24246
 26099
  4638
 17770
 19404
 16583
 20135
  3841
 16047
  4449
  6217
 23047
 22300
  2016
 28860
 11042
 10669
 16069
 16264
 26250
 31053
 24220
 30491
 12489
  9455
  9439
  4121
 19647
  7552
 21015
 20211
  6888
 30745
 17220
  1979
  7650
 28794
 14975
 21559
 10281
 28596
  6878
 28724
  5926
 27429
  7064
 12316
 16232
 12201
 13929
 17867
 28209
 27919
 21816
 18335
  9268
  5578
   760
 11726
 28061
 26345
  9164
 14845
 31570
 11338
 30830
 32014
 24952
  5386
 28881
 28473
  7994
 11327
  4613
 20062
 21445
 18922
 29532
 13977
 17559
  4135
  5835
 10520
  6394
 18599
  8338
 29993
 28363
 13920
 12831
 14231
 11392
 12163
 27696
 25655
 13418
  5039
 23609
  3518
 23862
 29284
 22789
 24533
 21434
 30138
  4767
 32624
 18927
 25939
 22899
 17755
  5945
 21902
 24753
  1813
 11759
 22269
 32754
 25058
  2583
 14874
 14366
 15388
 32113
 15157
 32653
 28874
 31928
 10929
  6508
 22900
 21028
 25968
 31843
 10805
 22835
 12684
  3188
 21521
 10153
 21320
 11303
 24969
 18389
 28230
 26852
   365
 26647
  1786
 18080
 13298
  9119
 14430
 28348
 19972
 18551
 29159
 17961
 18141
 16068
 20920
 11985
   983
 30025
 28439
 30770
  5758
 30508
 10525
 17228
  8426
  3837
 19889
 23998
 21580
  6900
 11447
 22572
 15814
 30330
 27524
 23523
 21888
  7403
 11413
   960
  1016
 27035
 24449
 15438
  4505
  6423
 19757
 28462
 13456
 28589
 13375
 32188
 12507
 10542
  2517
 20207
 16034
  5618
 12918
 29825
 10955
  2333
 18249
 11088
 26057
 31777
 15236
 15109
 29876
  2948
 30248
 30963
 30879
 12516
 13292
 29250
 16422
 24120
 17782
   332
  5958
 24152
 32209
 21063
 18802
  7872
 25884
  6949
  2530
 18064
   895
  2744
 13871
 16088
 22628
 13082
 10013
  4115
 20963
 29516
   951
 14577
 22653
  9245
 19106
 25178
 17166
  3149
  1451
  5295
 18173
 24563
 23458
 21075
 14518
 20252
 29803
 15210
 12378
 26549
 25426
  7904
 26292
 20139
  2975
  7341
 24176
  5200
 13162
 15704
 11655
 10241
 14513
  8890
 31486
 12038
  7336
 13829
  1232
 17081
 22864
 30469
 16937
 23018
 13643
 20645
 30164
 24963
  2543
  5812
 17655
 18536
 12185
  4329
  9726
   673
  1092
 14117
 15317
 18363
 16474
   761
 29018
  4203
  3529
 31336
 26898
  6005
  5466
 22510
  5402
 25036
 30271
 29633
  2913
  4603
 23530
 21078
 27157
  2755
  9766
 31783
 24667
  9478
 22368
   692
 12099
 31972
 15685
 22215
 14075
  6691
  1939
 21501
 25667
 30676
 16680
  9602
  4640
 12083
 24416
 26652
 13269
 18896
 23453
 11627
 23311
 32492
  2855
 17519
 28256
 24614
 10551
 27466
  9198
 14679
 18254
 20039
  5229
 10170
  6091
 30748
 31306
 11344
 18109
  5996
 28969
 15746
 21750
 15760
 18834
  7177
 10593
 31383
 17639
 28427
 19605
 31371
 19866
 27526
   681
  2038
 32668
  2802
 14154
  6053
  5401
  5410
 28684
 16812
  2914
   364
 14590
 19371
  5163
 29449
 16257
 10319
  9974
 21694
  3930
  4123
 18127
 22460
  9733
  5992
 20538
 22982
 20556
 26026
 25450
 30353
  1561
 29174
 16051
 18544
 14473
 26817
  7490
  7217
 17985
  7915
 28172
  7233
  2565
 13820
 30468
 14103
 14215
 21933
 14481
 17616
 31356
  7850
  9535
 12311
  3061
 14998
   437
  9800
 12781
 11599
   231
  4821
 23838
 19316
 28812
 27112
 22810
 31269
  2515
  1610
 17046
  7178
 14929
  7811
 14345
 20375
 31038
  5443
 30838
 25230
 31970
 10496
 25733
  7877
 25674
 18145
  5593
 21545
 10559
  1243
   158
 17411
 28281
  1818
 21345
 20858
 32271
 21666
  2341
  7001
  3122
 24374
 25011
 25363
  4635
 17016
 13361
 25861
 21826
 32339
 20470
  1530
 28369
 12438
 24477
 31220
 26456
  4577
   600
 18474
 15042
 14789
  3975
 20557
 22664
 28199
 14474
 13583
 29732
   485
 31955
 20454
 14793
  1725
  9279
  4621
 15185
 22122
 13222
 30413
 10615
 14095
  4017
 27386
 11590
  7897
 16875
 19904
 30161
 23264
  5147
 28320
 20005
  7503
 30162
 11445
 20348
 14021
 24640
  6972
   947
 32507
 11339
 20307
  3070
 12454
  3811
 15105
  8155
 15519
 12175
 14711
 30788
 22593
  3404
 12437
 31529
 19218
  9624
 27568
 15133
 16294
  4554
  5011
  8016
  7105
  3748
 26563
 18365
  9148
  8747
  7432
   420
 27946
 21430
  1320
 24635
 25787
 10822
 25590
 19873
 27488
 25877
  5515
 10259
 20143
  8818
 27092
 16226
  8330
 26827
 22861
 18084
 12795
 17932
 30475
  3626
 13667
 31016
 17408
  6579
 19412
 23028
 18299
 26335
   443
 29500
  4334
 30695
 32450
   785
  1780
 30346
 27892
 21856
 10130
   843
 23330
 11465
  7613
  1241
  7814
 11693
 20509
  3023
 30631
 32649
 19729
  7837
 32380
  6275
 14323
   454
  6612
 26435
  7069
 20557
  1526
 20228
 17964
 30825
 11908
 10731
  4612
 28800
 24485
 17815
 16404
 14419
  4706
  3577
 18267
 31351
 22609
 23142
 15786
 25092
 10865
  4330
 15788
 30865
  8022
  5088
 28197
  8287
 19590
 11711
  3703
 32468
 22306
 28471
 11370
 27435
 30665
 13181
 26412
 13675
 30137
 16099
 25495
 22933
 23863
 11179
 21939
 29474
 30002
  6429
 17276
  1196
 14371
 20695
 25829
 26604
 21559
 22117
 17692
 31204
 30384
  5393
  2320
 22365
 26248
  8188
 32561
 15764
 12888
 14446
 23670
 25393
 30073
  3691
 19109
 23928
 30825
 28551
 11215
 26051
 12400
 22523
 14105
  4912
 25219
  6647
 21187
 23703
 28008
  3898
 20322
 30399
 32539
  2273
 26736
 25297
 14705
 29052
 11783
 16652
  2555
 21863
 15338
 15291
 14637
 17752
 25029
  7780
 29887
 18228
  8374
 27971
 22868
 18727
  8715
  4342
 16218
 19187
  2894
 27258
 20273
 12680
 21375
 25430
  8335
 30934
 32160
 19990
 26915
 14303
 23671
 11003
 32376
 11024
 17295
  9457
 12061
 14545
 18816
 23233
 14083
  9307
 32624
 18568
 21286
 25289
 16858
 25960
 14447
 18034
  1678
 18813
 29145
 29815
 19449
 28691
 27092
 22680
  3495
 27158
  8935
  2892
 25094
  5321
 25496
 24080
  9581
 10427
 22928
   511
 22108
 13560
 30715
 31907
  1798
 23164
  5422
 24331
  2060
 23533
  2956
 29469
 12428
 21897
 25002
 21294
 26458
 12637
 15793
  8144
 20877
 11191
 10244
 18411
 19006
 31711
 24867
  5904
  1932
 29954
 20176
 32265
  4323
 13167
 17520
 18869
 27263
 10758
 10931
 15379
  6699
  9196
 19063
 15260
 26959
  3716
 16106
  3286
  2089
  8091
 21231
 18982
 30299
 11235
 19908
  3557
 21670
 16803
 29409
   695
  1013
 23468
 14627
 19992
 13725
 16527
 32041
  2360
 20707
 25101
 13055
 15369
 20927
 20687
 23289
  3734
  1247
  6232
 15842
  9366
 17647
  5943
 13398
 22337
  7448
 10113
 32109
 16738
 29894
 11134
 26778
 20910
 10415
 21155
 22226
 22356
 13585
 10944
 22256
 15573
 21818
 20859
 24920
 25878
 15438
 23037
 30426
 24244
 19269
 15083
  9946
 24983
 26675
 22680
 16558
 19146
 23244
 32633
 13384
  2697
 21031
 25305
 26133
 14492
 30658
 29645
 31268
 17124
 13255
  9323
 23179
 27188
  1677
 27447
 32007
   354
  7010
  6878
 11234
  8861
 30856
 25127
 22042
 20224
 28797
  2086
 10943
 11368
 14463
 14515
   925
 21891
 18512
 29978
 25371
 28714
 26423
 32020
  2403
 32241
  2631
 17398
 25795
  6908
 26595
 17961
 24915
  7956
 25730
 21210
 23513
 21753
 15536
  7666
 15337
 15354
  4182
 11849
 31057
  1988
 13114
 31766
  4276
 21112
 26313
 21419
 11124
 13568
 24853
 20575
 32469
 14754
 17690
   971
  9824
 23765
 28741
  7481
 32134
  4180
 16695
  9561
 15494
 29810
 15302
  8758
 23697
 15277
 11844
 14185
  1835
 27781
 15364
  5772
  5332
 30095
 28955
 21490
 24296
 18373
 17252
 29589
 26820
 27424
  9415
 16976
  9258
 16745
  2746
 20303
 21735
 27468
  3847
  6595
 22450
   942
  3536
 18138
 20568
  9536
 25809
 29678
   790
 28244
 14310
 30973
 23878
 30448
 24269
 12121
 28991
 27937
 24620
  4256
 26998
 19346
  7638
 16879
 14057
 24157
  5706
 24403
 32445
  2593
 24445
  7040
  2853
  2389
 16089
  1990
 17287
  5084
   645
  6208
 28634
  9433
 32743
 14415
 19283
 21188
 23399
   838
 10816
 28094
 32118
 30055
 14132
 22561
 22735
 10511
  2916
 19804
 26109
 29741
  9809
  2814
 30750
 31224
  2215
  4112
 20198
  1250
 30309
 26280
  2535
 15559
  9279
 11195
 24847
  3435
 21569
 18739
 18034
 20771
  9652
  5697
 21833
  5074
  7237
 20981
 12859
   535
  8804
 11276
 16604
 22725
  2795
 20489
 21108
 26772
 22016
  9863
 12801
   534
 15676
 16589
 12671
 24044
 19213
  8867
  7270
 21817
   344
 24164
 13173
 32343
 21347
 14165
  5550
   457
 30451
 15925
 15010
 15217
 20657
  7189
 25070
 31747
 32722
 32618
  7174
 32442
 19703
 24417
 20529
 26442
    82
  2418
 25557
 23573
 25355
 11576
 26357
  4257
 28642
 23168
 27128
 21578
 30485
  9632
 24748
 31028
 14724
 26122
 13962
 10116
 16147
 17184
 30780
 28880
 27728
   842
 13916
 14291
  6998
 20806
  1407
 16486
 15345
 27584
 16242
 31660
 16130
 29475
 27075
 25740
 20773
 18862
 25987
   100
 10386
 14794
 19531
 22523
 27201
 22171
  7805
 31928
 27218
 19157
  9932
 28178
 19371
  2513
 14079
 29512
 17123
  5856
  8689
 15698
    95
 22239
  5853
 25879
  1466
  8203
 16856
  6624
 27242
 31767
 21919
  5133
 21409
 20604
 25235
  8199
  9074
 24849
  7938
 21877
  9013
 24795
  1192
 20147
 11564
  1318
 26486
 29823
  6503
 20180
 27026
 12790
 29156
 32246
 28830
  9408
 12795
 25497
    61
  7559
  5369
  1506
  7635
  1197
 14348
 19038
  8589
 30526
  4959
  6803
  6306
 12323
  3717
 14043
  7384
  4505
 13339
 11122
 17737
 25314
 18601
  7117
  5223
  5690
 18634
 22573
  1854
 11021
  4749
 29045
 10745
   103
 15898
 16184
 21928
 11180
 27033
  3095
 31552
 10121
 31823
 23626
  8163
 28458
  9482
   636
 28258
 22958
  6080
 30428
   513
 18904
 20083
  9329
 20090
  1543
 20823
  8365
 18756
 19560
 18999
   326
 14356
 30570
 26389
 17473
 18597
 18034
 20497
 32336
 21941
  7889
 13452
 17245
 32080
 22771
 13196
 32103
 27728
 28120
  9058
  9613
   805
  6344
 31883
  4968
 14290
 16707
 27605
 22174
 22840
 16696
 20418
 20148
  6039
 23415
  9521
 29988
 30290
 30311
 10043
  3504
  2802
 28412
  9820
 12533
 11630
  6116
 23251
 25923
 32170
 14593
 13899
 14764
 25149
  8988
 30906
  5979
 25719
 11224
  3210
 15656
  3491
  9700
 28151
  6505
 10633
 10613
  8632
 30218
  4663
 16628
 32481
 10976
 26881
 19955
 20488
 19002
 24775
 14950
  4006
 31673
 32118
 18960
 17345
 31074
 27857
  8251
 15560
 25330
 23666
 19884
 15295
 23409
 28939
 31446
 17307
  9482
 17138
   590
  6640
 12058
   989
  3967
 15049
 19079
 12778
  5535
 17367
 30803
 31714
 13026
  6863
  1649
 15038
 21485
 21261
 28375
  9322
 11149
  5757
 11476
  7114
 21161
  5563
 31908
 16891
  9333
 17273
 14658
 11483
 10985
 24354
 19581
 26315
 12146
  4796
 25934
  7091
 17383
 10259
 26729
  5959
 22462
  6420
 20242
 30857
 11648
 32631
 26674
 16015
 17530
 10145
 12202
  4743
  2742
 19144
 12263
 29432
 27433
 13400
  8630
  9291
  3118
 22165
 15962
  2697
 21043
  4738
 30685
 20582
 31410
 14082
  2979
 32639
 25444
 31550
  9029
 28128
 20913
 30790
 30620
  9417
 20074
 26107
 10779
  9394
 27066
  7980
 18530
 10892
 31578
 12543
 11793
 23114
 13061
 31123
 14554
 29344
  3372
  6627
   731
 28170
 32746
 16110
  5930
 13585
 29754
  1557
 21681
 17866
 24424
   196
 29500
 29855
  4293
  6996
 24272
 10833
  1951
 27440
 23871
 17214
 25968
 10295
 12793
 29664
 20566
 21858
 13349
 22167
 22979
 23719
  2800
  1704
 15734
  8733
  1061
 27781
  3242
 21088
 14591
  8015
  6541
 28727
 30011
 32665
 14067
 25972
  5232
 28527
  8268
  6940
 18851
 19350
  7635
 23752
  1302
  2582
 14601
  2891
 27746
  8694
  5474
 25237
  6341
  8263
 16702
 22232
  4029
  3684
  4890
 19689
 10710
  3447
 26376
 12776
 23488
 19263
 20572
 13859
  5540
 13329
  5033
 12088
 11448
  1565
 31980
 25978
   786
 10739
 26118
 20630
 25018
 29766
   368
  1911
 14594
 13551
 15658
 26470
 15130
 14132
 20980
 13942
  1247
  5963
 21185
 17695
 18676
  4378
 20585
 21289
 12564
 11329
 26014
 15307
 27046
 26970
 16161
 11541
  2962
 21631
 29749
 28299
 22612
  8461
 17237
 31507
 31823
 12968
  1826
 29201
 19299
 14208
 30623
  9168
 11201
 14290
  2976
 15652
  8958
 16049
  3712
 22093
 14695
     6
 15891
 26911
 10133
  8150
  1243
 29280
   577
 32451
  9343
 17010
 22617
 12246
 25720
 16689
 30546
 31611
  6414
 10527
 18881
  5069
  5763
 32191
  1061
 24084
 25742
 16702
  5127
 30092
 17931
 11608
  1350
 19305
 26864
 29562
 20908
  2071
 21123
 18468
 20164
  4550
 23498
 15762
 11760
 23590
 21059
 12699
 17078
 25967
  4310
 21209
   859
  1189
  9480
   266
 30643
 27930
 21617
  3254
  2615
  2868
  5744
  6675
 28504
  7792
 22045
 11045
  5907
 13479
  4223
  5417
 23750
 27281
  8960
 25908
 26946
  5511
 24093
 30744
 31521
 14989
 12386
 18823
  2394
 30351
 32150
 15995
 29714
 15339
 30259
 28372
 14261
  2352
   793
 12867
 22086
 32037
  6530
 29800
 27379
 27662
  2873
  5175
  7149
 23082
  9991
 21152
 24182
 32640
 15726
  5231
 16700
 14556
 23962
 31601
 12517
  2580
 24213
  6872
 27371
  5519
  2234
 19168
  4778
 11528
 29548
 24499
  7351
 24464
 27400
 18314
  1140
 10450
 29463
 21526
 32737
  9627
 14537
 13086
  9653
 29082
  2463
 23145
 14766
  4708
  8807
 27358
  4901
  5050
 27245
 20202
 20965
 14607
 28400
  6178
 21821
 26693
 13011
 24618
 10580
 12728
  9877
 12501
 24253
  6525
 23683
 14221
    75
  1516
 19756
 18422
  6951
 30555
 16406
 29134
  3359
 27949
 11439
 11800
  3393
  7180
 10118
 26489
  8873
 22898
 12219
 25058
 32151
 24686
 28853
 17775
 26309
 21413
 19474
 20623
 14583
  8343
 16356
 30054
  6355
 10275
 32026
 26223
 24307
 20557
 16956
 22118
 26681
 25408
 20060
 28517
 16482
 24463
    73
 17741
 23262
  7616
 30213
 18279
 19935
 28427
 16505
 30027
 17329
  6495
 32616
 23297
  5705
 21670
 31138
  6247
 18720
 11594
  1402
 30674
 21826
 28664
 21881
 22520
 31649
   676
 32084
 27918
  4528
 20173
 17180
  7469
 31789
  8450
  4277
 31738
 19518
  8613
  6537
 10630
 12992
 19183
  2173
  6259
 15836
    52
 18981
 32601
  5339
 10856
 18227
 31079
  9787
 32227
  9014
  6734
 31746
 19809
 21377
 31066
 10834
  3661
  8808
 30690
  3134
 29247
 29363
 18147
 17116
 14787
 22348
 28648
 10907
  9308
 21307
 25901
 15063
  8648
 21972
 23811
   939
 10374
 18223
 31862
 15879
 21910
 14553
  5422
  8706
 14720
  3785
 31379
 30577
 30359
 13462
 12853
  5304
  5247
 13031
   874
 16352
 11501
 14634
 10809
  9706
 21934
 28553
 12662
 23651
 27627
  9497
 14383
  8505
  9387
 11861
  9799
 19661
  1689
  1996
  5217
 10825
 12552
  4374
 27391
 10804
  5172
 29708
 31979
  9028
 32458
  3129
  8407
  5491
  9387
 25227
  3648
  9044
   749
  4430
   408
 13736
 17699
  9307
 27555
 32045
  4063
 18829
 12322
 18102
 21621
 25973
 14255
 21888
  4609
 24655
 22760
 14276
 10155
 16180
 23759
 18825
  7209
